0 1704749406.990000 164 28
0 1704749406.995000 164 31
0 1704749407.000000 163 28
0 1704749407.005000 164 29
0 1704749407.010000 165 29
0 1704749407.015001 165 29
0 1704749407.020001 165 31
0 1704749407.025001 164 31
0 1704749407.030001 161 30
0 1704749407.035001 164 30
0 1704749407.040001 164 29
0 1704749407.045001 166 33
0 1704749407.050001 166 33
0 1704749407.055001 169 35
0 1704749407.060002 167 33
0 1704749407.065002 167 31
0 1704749407.070002 168 31
0 1704749407.075002 165 30
0 1704749407.080002 163 28
0 1704749407.085002 161 27
0 1704749407.090002 162 27
0 1704749407.095002 162 27
0 1704749407.100003 162 27
0 1704749407.105003 162 29
0 1704749407.110003 161 30
0 1704749407.115003 161 31
0 1704749407.120003 163 30
0 1704749407.125003 163 30
0 1704749407.130003 163 29
0 1704749407.135003 159 33
0 1704749407.140003 158 32
0 1704749407.145004 157 29
0 1704749407.150004 157 28
0 1704749407.155004 158 28
0 1704749407.160004 158 29
0 1704749407.165004 161 28
0 1704749407.170004 160 30
0 1704749407.175004 157 32
0 1704749407.180004 156 32
0 1704749407.185004 156 34
0 1704749407.190005 156 36
0 1704749407.195005 157 35
0 1704749407.200005 158 41
0 1704749407.205005 158 41
0 1704749407.210005 158 41
0 1704749407.215005 156 39
0 1704749407.220005 156 39
0 1704749407.225005 152 43
0 1704749407.230006 147 43
0 1704749407.235006 147 43
0 1704749407.240006 147 41
0 1704749407.245006 146 41
0 1704749407.250006 146 41
0 1704749407.255006 144 41
0 1704749407.260006 147 40
0 1704749407.265006 147 42
0 1704749407.270006 148 45
0 1704749407.275007 149 44
0 1704749407.280007 148 42
0 1704749407.285007 149 44
0 1704749407.290007 146 44
0 1704749407.295007 146 44
0 1704749407.300007 146 44
0 1704749407.305007 149 43
0 1704749407.310007 149 42
0 1704749407.315007 152 43
0 1704749407.320008 152 43
0 1704749407.325008 152 43
0 1704749407.330008 152 40
0 1704749407.335008 153 41
0 1704749407.340008 152 41
0 1704749407.345008 153 40
0 1704749407.350008 153 42
0 1704749407.355008 153 41
0 1704749407.360008 151 47
0 1704749407.365009 150 46
0 1704749407.370009 149 46
0 1704749407.375009 149 47
0 1704749407.380009 148 47
0 1704749407.385009 148 47
0 1704749407.390009 148 46
0 1704749407.395009 151 44
0 1704749407.400009 152 44
0 1704749407.405010 152 43
0 1704749407.410010 155 46
0 1704749407.415010 153 46
0 1704749407.420010 153 43
0 1704749407.425010 153 43
0 1704749407.430010 152 43
0 1704749407.435010 149 43
0 1704749407.440010 147 38
0 1704749407.445010 148 39
0 1704749407.450011 146 42
0 1704749407.455011 146 43
0 1704749407.460011 145 43
0 1704749407.465011 145 44
0 1704749407.470011 146 43
0 1704749407.475011 147 42
0 1704749407.480011 154 44
0 1704749407.485011 156 40
0 1704749407.490011 159 39
0 1704749407.495012 160 40
0 1704749407.500012 160 41
0 1704749407.505012 161 41
0 1704749407.510012 162 41
0 1704749407.515012 162 39
0 1704749407.520012 158 41
0 1704749407.525012 160 41
0 1704749407.530012 160 40
0 1704749407.535012 159 45
0 1704749407.540013 157 44
0 1704749407.545013 157 44
0 1704749407.550013 155 43
0 1704749407.555013 155 43
0 1704749407.560013 155 43
0 1704749407.565013 156 45
0 1704749407.570013 156 44
0 1704749407.575013 159 46
0 1704749407.580014 159 48
0 1704749407.585014 158 47
0 1704749407.590014 156 46
0 1704749407.595014 157 46
0 1704749407.600014 157 45
0 1704749407.605014 155 46
0 1704749407.610014 155 47
0 1704749407.615014 155 47
0 1704749407.620014 149 48
0 1704749407.625015 149 48
0 1704749407.630015 149 49
0 1704749407.635015 152 48
0 1704749407.640015 153 47
0 1704749407.645015 155 50
0 1704749407.650015 155 48
0 1704749407.655015 157 48
0 1704749407.660015 160 48
0 1704749407.665015 160 50
0 1704749407.670016 160 50
0 1704749407.675016 160 50
0 1704749407.680016 159 50
0 1704749407.685016 157 49
0 1704749407.690016 157 51
0 1704749407.695016 157 53
0 1704749407.700016 160 51
0 1704749407.705016 161 52
0 1704749407.710016 161 52
0 1704749407.715017 161 50
0 1704749407.720017 161 53
0 1704749407.725017 159 53
0 1704749407.730017 159 53
0 1704749407.735017 162 51
0 1704749407.740017 159 50
0 1704749407.745017 159 50
0 1704749407.750017 160 51
0 1704749407.755018 162 49
0 1704749407.760018 164 46
0 1704749407.765018 164 47
0 1704749407.770018 166 49
0 1704749407.775018 167 48
0 1704749407.780018 167 48
0 1704749407.785018 170 47
0 1704749407.790018 173 47
0 1704749407.795018 173 47
0 1704749407.800019 173 46
0 1704749407.805019 176 45
0 1704749407.810019 178 43
0 1704749407.815019 178 46
0 1704749407.820019 181 48
0 1704749407.825019 181 47
0 1704749407.830019 181 45
0 1704749407.835019 180 48
0 1704749407.840019 180 48
0 1704749407.845020 180 49
0 1704749407.850020 183 46
0 1704749407.855020 183 48
0 1704749407.860020 179 51
0 1704749407.865020 175 50
0 1704749407.870020 178 53
0 1704749407.875020 180 57
0 1704749407.880020 180 57
0 1704749407.885020 178 58
0 1704749407.890021 177 60
0 1704749407.895021 176 60
0 1704749407.900021 175 60
0 1704749407.905021 175 60
0 1704749407.910021 177 59
0 1704749407.915021 177 56
0 1704749407.920021 177 55
0 1704749407.925021 179 56
0 1704749407.930022 179 57
0 1704749407.935022 180 55
0 1704749407.940022 180 56
0 1704749407.945022 179 57
0 1704749407.950022 179 58
0 1704749407.955022 175 60
0 1704749407.960022 174 57
0 1704749407.965022 173 56
0 1704749407.970022 173 56
0 1704749407.975023 173 58
0 1704749407.980023 171 57
0 1704749407.985023 169 57
0 1704749407.990023 169 59
0 1704749407.995023 171 57
0 1704749408.000023 171 57
0 1704749408.005023 169 57
0 1704749408.010023 168 60
0 1704749408.015023 168 58
0 1704749408.020024 168 59
0 1704749408.025024 169 59
0 1704749408.030024 166 59
0 1704749408.035024 167 59
0 1704749408.040024 167 59
0 1704749408.045024 167 57
0 1704749408.050024 167 59
0 1704749408.055024 170 59
0 1704749408.060024 170 59
0 1704749408.065025 169 59
0 1704749408.070025 171 59
0 1704749408.075025 172 59
0 1704749408.080025 173 58
0 1704749408.085025 173 56
0 1704749408.090025 175 56
0 1704749408.095025 179 55
0 1704749408.100025 177 53
0 1704749408.105026 174 53
0 1704749408.110026 170 52
0 1704749408.115026 170 50
0 1704749408.120026 170 51
0 1704749408.125026 168 49
0 1704749408.130026 166 49
0 1704749408.135026 166 49
0 1704749408.140026 166 50
0 1704749408.145026 165 52
0 1704749408.150027 165 53
0 1704749408.155027 164 51
0 1704749408.160027 165 51
0 1704749408.165027 164 51
0 1704749408.170027 164 53
0 1704749408.175027 166 52
0 1704749408.180027 165 49
0 1704749408.185027 165 48
0 1704749408.190027 166 48
0 1704749408.195028 166 45
0 1704749408.200028 167 45
0 1704749408.205028 167 43
0 1704749408.210028 166 43
0 1704749408.215028 166 45
0 1704749408.220028 167 45
0 1704749408.225028 167 44
0 1704749408.230028 168 45
0 1704749408.235029 169 47
0 1704749408.240029 170 47
0 1704749408.245029 170 47
0 1704749408.250029 170 47
0 1704749408.255029 170 47
0 1704749408.260029 169 47
0 1704749408.265029 168 49
0 1704749408.270029 166 51
0 1704749408.275029 166 50
0 1704749408.280030 166 50
0 1704749408.285030 158 48
0 1704749408.290030 157 50
0 1704749408.295030 157 48
0 1704749408.300030 157 44
0 1704749408.305030 157 44
0 1704749408.310030 157 44
0 1704749408.315030 156 42
0 1704749408.320030 156 45
0 1704749408.325031 156 44
0 1704749408.330031 154 42
0 1704749408.335031 156 44
0 1704749408.340031 156 44
0 1704749408.345031 157 44
0 1704749408.350031 155 40
0 1704749408.355031 153 41
0 1704749408.360031 155 42
0 1704749408.365031 155 42
0 1704749408.370032 155 39
0 1704749408.375032 155 39
0 1704749408.380032 158 39
0 1704749408.385032 157 40
0 1704749408.390032 156 41
0 1704749408.395032 154 44
0 1704749408.400032 154 44
0 1704749408.405032 156 44
0 1704749408.410033 157 42
0 1704749408.415033 155 43
0 1704749408.420033 156 43
0 1704749408.425033 156 41
0 1704749408.430033 154 41
0 1704749408.435033 154 40
0 1704749408.440033 156 37
0 1704749408.445033 159 39
0 1704749408.450033 159 41
0 1704749408.455034 158 40
0 1704749408.460034 161 40
0 1704749408.465034 161 41
0 1704749408.470034 161 40
0 1704749408.475034 163 38
0 1704749408.480034 163 38
0 1704749408.485034 163 38
0 1704749408.490034 163 36
0 1704749408.495034 163 33
0 1704749408.500035 162 32
0 1704749408.505035 162 32
0 1704749408.510035 162 35
0 1704749408.515035 162 37
0 1704749408.520035 160 37
0 1704749408.525035 158 38
0 1704749408.530035 157 40
0 1704749408.535035 157 41
0 1704749408.540035 157 41
0 1704749408.545036 158 42
0 1704749408.550036 158 41
0 1704749408.555036 158 43
0 1704749408.560036 158 38
0 1704749408.565036 157 38
0 1704749408.570036 158 38
0 1704749408.575036 158 39
0 1704749408.580036 160 39
0 1704749408.585037 160 44
0 1704749408.590037 158 43
0 1704749408.595037 160 45
0 1704749408.600037 156 45
0 1704749408.605037 154 44
0 1704749408.610037 153 44
0 1704749408.615037 157 45
0 1704749408.620037 154 45
0 1704749408.625037 154 45
0 1704749408.630038 154 45
0 1704749408.635038 155 47
0 1704749408.640038 153 53
0 1704749408.645038 155 55
0 1704749408.650038 153 53
0 1704749408.655038 153 55
0 1704749408.660038 151 55
0 1704749408.665038 154 51
0 1704749408.670038 154 53
0 1704749408.675039 152 51
0 1704749408.680039 153 51
0 1704749408.685039 153 53
0 1704749408.690039 153 54
0 1704749408.695039 153 54
0 1704749408.700039 151 54
0 1704749408.705039 151 55
0 1704749408.710039 151 52
0 1704749408.715039 149 52
0 1704749408.720040 152 51
0 1704749408.725040 150 49
0 1704749408.730040 151 49
0 1704749408.735040 149 49
0 1704749408.740040 152 47
0 1704749408.745040 153 47
0 1704749408.750040 152 50
0 1704749408.755040 151 50
0 1704749408.760041 153 52
0 1704749408.765041 152 48
0 1704749408.770041 150 48
0 1704749408.775041 150 48
0 1704749408.780041 149 48
0 1704749408.785041 149 48
0 1704749408.790041 152 48
0 1704749408.795041 148 46
0 1704749408.800041 150 46
0 1704749408.805042 150 46
0 1704749408.810042 150 44
0 1704749408.815042 148 41
0 1704749408.820042 149 43
0 1704749408.825042 148 42
0 1704749408.830042 149 43
0 1704749408.835042 148 45
0 1704749408.840042 149 44
0 1704749408.845042 149 43
0 1704749408.850043 152 42
0 1704749408.855043 150 42
0 1704749408.860043 150 43
0 1704749408.865043 151 43
0 1704749408.870043 146 43
0 1704749408.875043 145 41
0 1704749408.880043 144 41
0 1704749408.885043 142 43
0 1704749408.890043 140 41
0 1704749408.895044 140 43
0 1704749408.900044 141 43
0 1704749408.905044 141 43
0 1704749408.910044 143 43
0 1704749408.915044 143 44
0 1704749408.920044 141 44
0 1704749408.925044 146 47
0 1704749408.930044 147 46
0 1704749408.935045 149 48
0 1704749408.940045 146 48
0 1704749408.945045 145 48
0 1704749408.950045 147 44
0 1704749408.955045 147 46
0 1704749408.960045 144 49
0 1704749408.965045 140 49
0 1704749408.970045 141 48
0 1704749408.975045 141 46
0 1704749408.980046 143 46
0 1704749408.985046 143 45
0 1704749408.990046 143 47
0 1704749408.995046 145 47
0 1704749409.000046 146 48
0 1704749409.005046 145 50
0 1704749409.010046 143 50
0 1704749409.015046 143 51
0 1704749409.020046 143 49
0 1704749409.025047 143 52
0 1704749409.030047 146 52
0 1704749409.035047 145 49
0 1704749409.040047 143 50
0 1704749409.045047 145 45
0 1704749409.050047 145 45
0 1704749409.055047 143 45
0 1704749409.060047 145 43
0 1704749409.065048 143 43
0 1704749409.070048 140 43
0 1704749409.075048 138 44
0 1704749409.080048 139 45
0 1704749409.085048 140 45
0 1704749409.090048 139 43
0 1704749409.095048 141 40
0 1704749409.100048 142 39
0 1704749409.105048 141 41
0 1704749409.110049 141 37
0 1704749409.115049 141 37
0 1704749409.120049 138 34
0 1704749409.125049 141 34
0 1704749409.130049 141 34
0 1704749409.135049 139 31
0 1704749409.140049 137 32
0 1704749409.145049 137 32
0 1704749409.150049 137 31
0 1704749409.155050 137 31
0 1704749409.160050 135 31
0 1704749409.165050 135 30
0 1704749409.170050 138 31
0 1704749409.175050 137 30
0 1704749409.180050 137 30
0 1704749409.185050 136 30
0 1704749409.190050 136 30
0 1704749409.195050 137 26
0 1704749409.200051 137 25
0 1704749409.205051 136 25
0 1704749409.210051 134 24
0 1704749409.215051 133 24
0 1704749409.220051 133 23
0 1704749409.225051 132 24
0 1704749409.230051 132 26
0 1704749409.235051 127 24
0 1704749409.240052 126 29
0 1704749409.245052 126 28
0 1704749409.250052 124 27
0 1704749409.255052 124 27
0 1704749409.260052 123 26
0 1704749409.265052 124 26
0 1704749409.270052 124 24
0 1704749409.275052 123 26
0 1704749409.280052 121 24
0 1704749409.285053 121 22
0 1704749409.290053 122 20
0 1704749409.295053 124 19
0 1704749409.300053 124 21
0 1704749409.305053 122 20
0 1704749409.310053 123 20
0 1704749409.315053 123 19
0 1704749409.320053 124 20
0 1704749409.325053 126 20
0 1704749409.330054 129 19
0 1704749409.335054 129 22
0 1704749409.340054 126 22
0 1704749409.345054 126 21
0 1704749409.350054 129 24
0 1704749409.355054 132 28
0 1704749409.360054 134 26
0 1704749409.365054 139 26
0 1704749409.370054 139 25
0 1704749409.375055 139 25
0 1704749409.380055 137 25
0 1704749409.385055 136 23
0 1704749409.390055 133 22
0 1704749409.395055 133 22
0 1704749409.400055 133 22
0 1704749409.405055 134 21
0 1704749409.410055 135 21
0 1704749409.415056 138 22
0 1704749409.420056 139 22
0 1704749409.425056 139 22
0 1704749409.430056 140 22
0 1704749409.435056 140 22
0 1704749409.440056 140 22
0 1704749409.445056 138 22
0 1704749409.450056 138 18
0 1704749409.455056 136 19
0 1704749409.460057 137 20
0 1704749409.465057 138 21
0 1704749409.470057 134 23
0 1704749409.475057 135 23
0 1704749409.480057 131 24
0 1704749409.485057 131 24
0 1704749409.490057 131 22
0 1704749409.495057 132 22
0 1704749409.500057 131 22
0 1704749409.505058 133 24
0 1704749409.510058 131 24
0 1704749409.515058 130 22
0 1704749409.520058 133 22
0 1704749409.525058 133 23
0 1704749409.530058 133 23
0 1704749409.535058 133 22
0 1704749409.540058 133 25
0 1704749409.545058 133 25
0 1704749409.550059 133 25
0 1704749409.555059 133 25
0 1704749409.560059 134 26
0 1704749409.565059 135 28
0 1704749409.570059 135 28
0 1704749409.575059 135 27
0 1704749409.580059 135 28
0 1704749409.585059 138 29
0 1704749409.590060 135 29
0 1704749409.595060 132 29
0 1704749409.600060 132 29
0 1704749409.605060 128 29
0 1704749409.610060 131 29
0 1704749409.615060 132 28
0 1704749409.620060 128 29
0 1704749409.625060 130 29
0 1704749409.630060 128 30
0 1704749409.635061 124 30
0 1704749409.640061 124 30
0 1704749409.645061 124 30
0 1704749409.650061 124 32
0 1704749409.655061 123 32
0 1704749409.660061 125 32
0 1704749409.665061 123 32
0 1704749409.670061 125 33
0 1704749409.675061 126 31
0 1704749409.680062 126 28
0 1704749409.685062 126 30
0 1704749409.690062 126 31
0 1704749409.695062 125 31
0 1704749409.700062 126 32
0 1704749409.705062 126 31
0 1704749409.710062 128 34
0 1704749409.715062 131 35
0 1704749409.720062 131 35
0 1704749409.725063 131 32
0 1704749409.730063 129 32
0 1704749409.735063 128 32
0 1704749409.740063 129 33
0 1704749409.745063 128 31
0 1704749409.750063 130 29
0 1704749409.755063 132 29
0 1704749409.760063 131 31
0 1704749409.765064 131 33
0 1704749409.770064 131 33
0 1704749409.775064 132 32
0 1704749409.780064 132 30
0 1704749409.785064 133 27
0 1704749409.790064 136 27
0 1704749409.795064 134 26
0 1704749409.800064 138 26
0 1704749409.805064 138 25
0 1704749409.810065 139 27
0 1704749409.815065 139 28
0 1704749409.820065 143 28
0 1704749409.825065 142 28
0 1704749409.830065 143 30
0 1704749409.835065 146 30
0 1704749409.840065 146 32
0 1704749409.845065 145 33
0 1704749409.850065 145 30
0 1704749409.855066 145 30
0 1704749409.860066 146 30
0 1704749409.865066 144 28
0 1704749409.870066 144 30
0 1704749409.875066 142 30
0 1704749409.880066 142 33
0 1704749409.885066 143 34
0 1704749409.890066 143 36
0 1704749409.895066 141 36
0 1704749409.900067 142 36
0 1704749409.905067 142 36
0 1704749409.910067 142 37
0 1704749409.915067 142 38
0 1704749409.920067 142 38
0 1704749409.925067 142 37
0 1704749409.930067 140 39
0 1704749409.935067 137 39
0 1704749409.940068 137 39
0 1704749409.945068 137 39
0 1704749409.950068 141 39
0 1704749409.955068 142 38
0 1704749409.960068 140 37
0 1704749409.965068 140 37
0 1704749409.970068 141 37
0 1704749409.975068 141 35
0 1704749409.980068 143 32
0 1704749409.985069 146 34
0 1704749409.990069 146 36
0 1704749409.995069 145 36
0 1704749410.000069 145 37
0 1704749410.005069 145 38
0 1704749410.010069 145 38
0 1704749410.015069 141 38
0 1704749410.020069 140 40
0 1704749410.025069 141 37
0 1704749410.030070 141 38
0 1704749410.035070 141 40
0 1704749410.040070 141 38
0 1704749410.045070 142 41
0 1704749410.050070 139 41
0 1704749410.055070 139 39
0 1704749410.060070 141 38
0 1704749410.065070 140 36
0 1704749410.070071 141 34
0 1704749410.075071 141 34
0 1704749410.080071 140 34
0 1704749410.085071 140 34
0 1704749410.090071 139 34
0 1704749410.095071 139 34
0 1704749410.100071 139 34
0 1704749410.105071 141 32
0 1704749410.110071 140 31
0 1704749410.115072 138 31
0 1704749410.120072 139 27
0 1704749410.125072 136 28
0 1704749410.130072 135 27
0 1704749410.135072 134 27
0 1704749410.140072 134 27
0 1704749410.145072 135 26
0 1704749410.150072 135 24
0 1704749410.155072 135 25
0 1704749410.160073 134 25
0 1704749410.165073 133 25
0 1704749410.170073 132 26
0 1704749410.175073 131 26
0 1704749410.180073 129 24
0 1704749410.185073 129 24
0 1704749410.190073 131 25
0 1704749410.195073 131 28
0 1704749410.200073 129 25
0 1704749410.205074 130 24
0 1704749410.210074 130 24
0 1704749410.215074 127 28
0 1704749410.220074 127 27
0 1704749410.225074 124 25
0 1704749410.230074 124 26
0 1704749410.235074 124 23
0 1704749410.240074 123 20
0 1704749410.245075 123 17
0 1704749410.250075 121 17
0 1704749410.255075 120 17
0 1704749410.260075 120 17
0 1704749410.265075 121 21
0 1704749410.270075 120 21
0 1704749410.275075 120 21
0 1704749410.280075 120 21
0 1704749410.285075 120 18
0 1704749410.290076 120 18
0 1704749410.295076 119 20
0 1704749410.300076 120 21
0 1704749410.305076 121 24
0 1704749410.310076 121 21
0 1704749410.315076 122 22
0 1704749410.320076 120 23
0 1704749410.325076 120 25
0 1704749410.330076 120 28
0 1704749410.335077 118 28
0 1704749410.340077 117 31
0 1704749410.345077 114 31
0 1704749410.350077 111 34
0 1704749410.355077 113 34
0 1704749410.360077 113 35
0 1704749410.365077 108 35
0 1704749410.370077 109 32
0 1704749410.375077 109 33
0 1704749410.380078 107 30
0 1704749410.385078 107 30
0 1704749410.390078 109 27
0 1704749410.395078 109 30
0 1704749410.400078 109 34
0 1704749410.405078 110 35
0 1704749410.410078 111 35
0 1704749410.415078 110 35
0 1704749410.420079 110 35
0 1704749410.425079 109 35
0 1704749410.430079 110 35
0 1704749410.435079 114 35
0 1704749410.440079 115 33
0 1704749410.445079 115 32
0 1704749410.450079 115 35
0 1704749410.455079 115 34
0 1704749410.460079 115 32
0 1704749410.465080 115 32
0 1704749410.470080 115 35
0 1704749410.475080 112 35
0 1704749410.480080 112 35
0 1704749410.485080 112 36
0 1704749410.490080 113 36
0 1704749410.495080 113 34
0 1704749410.500080 116 36
0 1704749410.505080 116 36
0 1704749410.510081 115 36
0 1704749410.515081 116 37
0 1704749410.520081 115 37
0 1704749410.525081 113 38
0 1704749410.530081 117 40
0 1704749410.535081 119 41
0 1704749410.540081 114 41
0 1704749410.545081 113 41
0 1704749410.550081 111 41
0 1704749410.555082 112 41
0 1704749410.560082 115 41
0 1704749410.565082 114 43
0 1704749410.570082 112 41
0 1704749410.575082 112 40
0 1704749410.580082 114 40
0 1704749410.585082 114 39
0 1704749410.590082 114 37
0 1704749410.595083 114 35
0 1704749410.600083 114 35
0 1704749410.605083 114 33
0 1704749410.610083 114 33
0 1704749410.615083 114 33
0 1704749410.620083 116 33
0 1704749410.625083 118 33
0 1704749410.630083 118 36
0 1704749410.635083 118 37
0 1704749410.640084 118 34
0 1704749410.645084 118 34
0 1704749410.650084 116 37
0 1704749410.655084 116 33
0 1704749410.660084 112 36
0 1704749410.665084 110 36
0 1704749410.670084 112 35
0 1704749410.675084 113 32
0 1704749410.680084 115 33
0 1704749410.685085 116 31
0 1704749410.690085 116 31
0 1704749410.695085 116 30
0 1704749410.700085 115 29
0 1704749410.705085 115 28
0 1704749410.710085 118 29
0 1704749410.715085 114 34
0 1704749410.720085 114 39
0 1704749410.725085 114 39
0 1704749410.730086 113 38
0 1704749410.735086 113 36
0 1704749410.740086 114 36
0 1704749410.745086 112 34
0 1704749410.750086 112 34
0 1704749410.755086 112 33
0 1704749410.760086 111 34
0 1704749410.765086 109 33
0 1704749410.770087 110 33
0 1704749410.775087 110 31
0 1704749410.780087 109 31
0 1704749410.785087 109 30
0 1704749410.790087 111 32
0 1704749410.795087 110 32
0 1704749410.800087 109 32
0 1704749410.805087 109 34
0 1704749410.810087 110 34
0 1704749410.815088 112 33
0 1704749410.820088 114 35
0 1704749410.825088 110 36
0 1704749410.830088 110 36
0 1704749410.835088 109 33
0 1704749410.840088 109 34
0 1704749410.845088 111 34
0 1704749410.850088 114 32
0 1704749410.855088 113 28
0 1704749410.860089 111 26
0 1704749410.865089 110 26
0 1704749410.870089 110 27
0 1704749410.875089 110 27
0 1704749410.880089 109 27
0 1704749410.885089 109 25
0 1704749410.890089 109 25
0 1704749410.895089 107 32
0 1704749410.900090 107 30
0 1704749410.905090 107 27
0 1704749410.910090 111 29
0 1704749410.915090 110 28
0 1704749410.920090 110 27
0 1704749410.925090 112 25
0 1704749410.930090 112 25
0 1704749410.935090 114 25
0 1704749410.940090 114 25
0 1704749410.945091 114 25
0 1704749410.950091 114 26
0 1704749410.955091 114 25
0 1704749410.960091 117 24
0 1704749410.965091 117 23
0 1704749410.970091 116 22
0 1704749410.975091 117 23
0 1704749410.980091 115 23
0 1704749410.985091 117 27
0 1704749410.990092 118 29
0 1704749410.995092 118 27
0 1704749411.000092 119 25
0 1704749411.005092 119 25
0 1704749411.010092 121 25
0 1704749411.015092 119 24
0 1704749411.020092 119 22
0 1704749411.025092 118 21
0 1704749411.030092 117 20
0 1704749411.035093 119 20
0 1704749411.040093 120 18
0 1704749411.045093 120 18
0 1704749411.050093 122 18
0 1704749411.055093 121 18
0 1704749411.060093 120 17
0 1704749411.065093 120 14
0 1704749411.070093 123 10
0 1704749411.075094 124 11
0 1704749411.080094 123 11
0 1704749411.085094 122 11
0 1704749411.090094 122 11
0 1704749411.095094 122 12
0 1704749411.100094 121 11
0 1704749411.105094 121 11
0 1704749411.110094 120 13
0 1704749411.115094 119 16
0 1704749411.120095 117 16
0 1704749411.125095 116 16
0 1704749411.130095 120 16
0 1704749411.135095 115 16
0 1704749411.140095 115 17
0 1704749411.145095 117 17
0 1704749411.150095 119 16
0 1704749411.155095 117 16
0 1704749411.160095 118 15
0 1704749411.165096 120 13
0 1704749411.170096 120 12
0 1704749411.175096 118 13
0 1704749411.180096 118 15
0 1704749411.185096 120 16
0 1704749411.190096 120 15
0 1704749411.195096 123 15
0 1704749411.200096 126 18
0 1704749411.205096 124 20
0 1704749411.210097 122 24
0 1704749411.215097 122 23
0 1704749411.220097 120 23
0 1704749411.225097 121 23
0 1704749411.230097 120 24
0 1704749411.235097 118 24
0 1704749411.240097 117 24
0 1704749411.245097 117 24
0 1704749411.250098 120 24
0 1704749411.255098 120 25
0 1704749411.260098 121 23
0 1704749411.265098 121 22
0 1704749411.270098 121 21
0 1704749411.275098 119 17
0 1704749411.280098 116 16
0 1704749411.285098 116 13
0 1704749411.290098 118 13
0 1704749411.295099 121 13
0 1704749411.300099 121 11
0 1704749411.305099 121 9
0 1704749411.310099 122 11
0 1704749411.315099 120 9
0 1704749411.320099 121 11
0 1704749411.325099 125 11
0 1704749411.330099 125 11
0 1704749411.335099 125 12
0 1704749411.340100 125 11
0 1704749411.345100 125 7
0 1704749411.350100 127 5
0 1704749411.355100 128 5
0 1704749411.360100 128 6
0 1704749411.365100 127 4
0 1704749411.370100 127 5
0 1704749411.375100 128 5
0 1704749411.380100 126 7
0 1704749411.385101 126 5
0 1704749411.390101 126 3
0 1704749411.395101 126 4
0 1704749411.400101 125 4
0 1704749411.405101 126 4
0 1704749411.410101 126 5
0 1704749411.415101 126 4
0 1704749411.420101 124 7
0 1704749411.425102 124 6
0 1704749411.430102 126 8
0 1704749411.435102 122 11
0 1704749411.440102 124 7
0 1704749411.445102 124 6
0 1704749411.450102 124 9
0 1704749411.455102 123 10
0 1704749411.460102 123 12
0 1704749411.465102 123 14
0 1704749411.470103 125 13
0 1704749411.475103 126 15
0 1704749411.480103 125 15
0 1704749411.485103 124 13
0 1704749411.490103 124 13
0 1704749411.495103 122 14
0 1704749411.500103 124 16
0 1704749411.505103 126 16
0 1704749411.510103 127 16
0 1704749411.515104 130 15
0 1704749411.520104 129 15
0 1704749411.525104 130 15
0 1704749411.530104 128 12
0 1704749411.535104 130 13
0 1704749411.540104 127 13
0 1704749411.545104 131 12
0 1704749411.550104 132 15
0 1704749411.555104 134 19
0 1704749411.560105 136 19
0 1704749411.565105 132 19
0 1704749411.570105 136 18
0 1704749411.575105 136 18
0 1704749411.580105 136 18
0 1704749411.585105 137 18
0 1704749411.590105 139 18
0 1704749411.595105 135 18
0 1704749411.600106 136 17
0 1704749411.605106 136 17
0 1704749411.610106 137 18
0 1704749411.615106 137 19
0 1704749411.620106 137 16
0 1704749411.625106 134 15
0 1704749411.630106 135 18
0 1704749411.635106 137 16
0 1704749411.640106 137 16
0 1704749411.645107 137 15
0 1704749411.650107 138 16
0 1704749411.655107 138 17
0 1704749411.660107 138 20
0 1704749411.665107 139 20
0 1704749411.670107 139 20
0 1704749411.675107 138 18
0 1704749411.680107 138 18
0 1704749411.685107 138 19
0 1704749411.690108 134 19
0 1704749411.695108 134 18
0 1704749411.700108 137 20
0 1704749411.705108 137 22
0 1704749411.710108 137 23
0 1704749411.715108 138 25
0 1704749411.720108 137 24
0 1704749411.725108 135 24
0 1704749411.730108 133 24
0 1704749411.735109 133 25
0 1704749411.740109 133 21
0 1704749411.745109 134 22
0 1704749411.750109 134 22
0 1704749411.755109 134 22
0 1704749411.760109 132 22
0 1704749411.765109 131 22
0 1704749411.770109 130 24
0 1704749411.775110 131 24
0 1704749411.780110 131 24
0 1704749411.785110 128 24
0 1704749411.790110 126 24
0 1704749411.795110 126 24
0 1704749411.800110 123 24
0 1704749411.805110 123 23
0 1704749411.810110 124 20
0 1704749411.815110 124 20
0 1704749411.820111 124 20
0 1704749411.825111 128 20
0 1704749411.830111 132 21
0 1704749411.835111 134 21
0 1704749411.840111 134 18
0 1704749411.845111 136 18
0 1704749411.850111 131 21
0 1704749411.855111 129 23
0 1704749411.860111 130 22
0 1704749411.865112 129 20
0 1704749411.870112 127 20
0 1704749411.875112 127 21
0 1704749411.880112 125 21
0 1704749411.885112 125 20
0 1704749411.890112 125 20
0 1704749411.895112 125 22
0 1704749411.900112 123 22
0 1704749411.905113 123 21
0 1704749411.910113 123 22
0 1704749411.915113 125 21
0 1704749411.920113 127 23
0 1704749411.925113 125 24
0 1704749411.930113 125 24
0 1704749411.935113 125 24
0 1704749411.940113 127 24
0 1704749411.945113 127 24
0 1704749411.950114 127 22
0 1704749411.955114 127 23
0 1704749411.960114 127 23
0 1704749411.965114 126 23
0 1704749411.970114 127 21
0 1704749411.975114 126 23
0 1704749411.980114 126 22
0 1704749411.985114 126 23
0 1704749411.990114 126 22
0 1704749411.995115 126 22
0 1704749412.000115 129 21
0 1704749412.005115 131 20
0 1704749412.010115 129 21
0 1704749412.015115 133 21
0 1704749412.020115 132 18
0 1704749412.025115 132 19
0 1704749412.030115 133 20
0 1704749412.035115 133 18
0 1704749412.040116 133 17
0 1704749412.045116 133 14
0 1704749412.050116 135 13
0 1704749412.055116 137 13
0 1704749412.060116 137 14
0 1704749412.065116 137 16
0 1704749412.070116 140 15
0 1704749412.075116 142 16
0 1704749412.080117 142 17
0 1704749412.085117 141 15
0 1704749412.090117 141 15
0 1704749412.095117 141 12
0 1704749412.100117 139 12
0 1704749412.105117 140 11
0 1704749412.110117 140 11
0 1704749412.115117 144 10
0 1704749412.120117 149 15
0 1704749412.125118 148 15
0 1704749412.130118 147 15
0 1704749412.135118 149 14
0 1704749412.140118 149 13
0 1704749412.145118 148 13
0 1704749412.150118 148 15
0 1704749412.155118 148 15
0 1704749412.160118 150 15
0 1704749412.165118 152 12
0 1704749412.170119 151 13
0 1704749412.175119 150 13
0 1704749412.180119 150 14
0 1704749412.185119 152 13
0 1704749412.190119 152 13
0 1704749412.195119 152 14
0 1704749412.200119 153 12
0 1704749412.205119 152 10
0 1704749412.210119 152 13
0 1704749412.215120 154 13
0 1704749412.220120 153 13
0 1704749412.225120 153 12
0 1704749412.230120 153 10
0 1704749412.235120 155 9
0 1704749412.240120 155 9
0 1704749412.245120 158 9
0 1704749412.250120 160 8
0 1704749412.255121 160 6
0 1704749412.260121 160 5
0 1704749412.265121 160 5
0 1704749412.270121 159 5
0 1704749412.275121 157 3
0 1704749412.280121 156 2
0 1704749412.285121 156 2
0 1704749412.290121 156 2
0 1704749412.295121 155 2
0 1704749412.300122 155 2
0 1704749412.305122 156 0
0 1704749412.310122 157 0
0 1704749412.315122 157 0
0 1704749412.320122 157 1
0 1704749412.325122 154 1
0 1704749412.330122 154 2
0 1704749412.335122 153 3
0 1704749412.340122 148 1
0 1704749412.345123 148 4
0 1704749412.350123 149 2
0 1704749412.355123 151 0
0 1704749412.360123 152 1
0 1704749412.365123 152 1
0 1704749412.370123 153 1
0 1704749412.375123 151 1
0 1704749412.380123 151 0
0 1704749412.385123 151 0
0 1704749412.390124 151 0
0 1704749412.395124 151 3
0 1704749412.400124 152 2
0 1704749412.405124 152 2
0 1704749412.410124 155 1
0 1704749412.415124 155 1
0 1704749412.420124 156 1
0 1704749412.425124 158 1
0 1704749412.430125 158 0
0 1704749412.435125 158 0
0 1704749412.440125 158 1
0 1704749412.445125 159 0
0 1704749412.450125 160 0
0 1704749412.455125 160 0
0 1704749412.460125 163 0
0 1704749412.465125 158 0
0 1704749412.470125 160 0
0 1704749412.475126 160 0
0 1704749412.480126 160 0
0 1704749412.485126 158 2
0 1704749412.490126 159 2
0 1704749412.495126 161 2
0 1704749412.500126 159 5
0 1704749412.505126 157 6
0 1704749412.510126 157 6
0 1704749412.515126 155 4
0 1704749412.520127 155 4
0 1704749412.525127 156 6
0 1704749412.530127 154 4
0 1704749412.535127 154 4
0 1704749412.540127 155 4
0 1704749412.545127 154 5
0 1704749412.550127 154 5
0 1704749412.555127 152 5
0 1704749412.560127 152 5
0 1704749412.565128 152 5
0 1704749412.570128 151 4
0 1704749412.575128 150 5
0 1704749412.580128 150 5
0 1704749412.585128 153 3
0 1704749412.590128 155 3
0 1704749412.595128 155 4
0 1704749412.600128 156 5
0 1704749412.605129 156 5
0 1704749412.610129 155 5
0 1704749412.615129 155 5
0 1704749412.620129 155 6
0 1704749412.625129 154 5
0 1704749412.630129 154 5
0 1704749412.635129 153 9
0 1704749412.640129 152 11
0 1704749412.645129 152 10
0 1704749412.650130 151 13
0 1704749412.655130 154 9
0 1704749412.660130 155 10
0 1704749412.665130 156 10
0 1704749412.670130 154 14
0 1704749412.675130 155 14
0 1704749412.680130 155 12
0 1704749412.685130 154 12
0 1704749412.690130 152 14
0 1704749412.695131 152 14
0 1704749412.700131 150 13
0 1704749412.705131 148 13
0 1704749412.710131 144 12
0 1704749412.715131 141 12
0 1704749412.720131 140 12
0 1704749412.725131 139 9
0 1704749412.730131 139 8
0 1704749412.735132 137 8
0 1704749412.740132 137 10
0 1704749412.745132 137 7
0 1704749412.750132 142 9
0 1704749412.755132 140 9
0 1704749412.760132 136 9
0 1704749412.765132 136 7
0 1704749412.770132 136 6
0 1704749412.775132 137 5
0 1704749412.780133 137 5
0 1704749412.785133 137 3
0 1704749412.790133 136 5
0 1704749412.795133 141 6
0 1704749412.800133 141 5
0 1704749412.805133 141 0
0 1704749412.810133 141 0
0 1704749412.815133 141 2
0 1704749412.820133 139 2
0 1704749412.825134 138 2
0 1704749412.830134 136 4
0 1704749412.835134 134 3
0 1704749412.840134 134 3
0 1704749412.845134 135 4
0 1704749412.850134 135 4
0 1704749412.855134 136 4
0 1704749412.860134 136 6
0 1704749412.865134 136 8
0 1704749412.870135 134 8
0 1704749412.875135 134 7
0 1704749412.880135 133 10
0 1704749412.885135 135 12
0 1704749412.890135 134 10
0 1704749412.895135 136 14
0 1704749412.900135 136 15
0 1704749412.905135 137 17
0 1704749412.910136 138 17
0 1704749412.915136 137 17
0 1704749412.920136 136 16
0 1704749412.925136 138 16
0 1704749412.930136 138 18
0 1704749412.935136 136 20
0 1704749412.940136 136 23
0 1704749412.945136 136 23
0 1704749412.950136 139 25
0 1704749412.955137 139 26
0 1704749412.960137 138 26
0 1704749412.965137 139 25
0 1704749412.970137 138 23
0 1704749412.975137 136 22
0 1704749412.980137 134 25
0 1704749412.985137 132 23
0 1704749412.990137 132 22
0 1704749412.995137 132 22
0 1704749413.000138 132 22
0 1704749413.005138 132 23
0 1704749413.010138 132 21
0 1704749413.015138 132 21
0 1704749413.020138 132 21
0 1704749413.025138 130 19
0 1704749413.030138 125 13
0 1704749413.035138 123 13
0 1704749413.040138 124 14
0 1704749413.045139 124 14
0 1704749413.050139 124 14
0 1704749413.055139 126 16
0 1704749413.060139 128 16
0 1704749413.065139 125 16
0 1704749413.070139 122 17
0 1704749413.075139 122 17
0 1704749413.080139 125 17
0 1704749413.085140 125 18
0 1704749413.090140 124 18
0 1704749413.095140 121 18
0 1704749413.100140 121 16
0 1704749413.105140 121 16
0 1704749413.110140 121 13
0 1704749413.115140 119 15
0 1704749413.120140 122 15
0 1704749413.125140 117 14
0 1704749413.130141 120 16
0 1704749413.135141 120 15
0 1704749413.140141 122 15
0 1704749413.145141 120 17
0 1704749413.150141 115 19
0 1704749413.155141 115 18
0 1704749413.160141 115 16
0 1704749413.165141 114 18
0 1704749413.170141 114 18
0 1704749413.175142 114 19
0 1704749413.180142 114 19
0 1704749413.185142 114 20
0 1704749413.190142 113 20
0 1704749413.195142 113 19
0 1704749413.200142 113 22
0 1704749413.205142 116 22
0 1704749413.210142 120 24
0 1704749413.215142 120 20
0 1704749413.220143 124 20
0 1704749413.225143 126 22
0 1704749413.230143 126 25
0 1704749413.235143 127 23
0 1704749413.240143 126 21
0 1704749413.245143 125 21
0 1704749413.250143 124 22
0 1704749413.255143 122 19
0 1704749413.260144 124 20
0 1704749413.265144 124 24
0 1704749413.270144 121 27
0 1704749413.275144 121 27
0 1704749413.280144 121 24
0 1704749413.285144 121 22
0 1704749413.290144 121 21
0 1704749413.295144 123 21
0 1704749413.300144 123 23
0 1704749413.305145 123 24
0 1704749413.310145 123 23
0 1704749413.315145 121 22
0 1704749413.320145 120 22
0 1704749413.325145 120 22
0 1704749413.330145 122 24
0 1704749413.335145 122 24
0 1704749413.340145 123 23
0 1704749413.345145 128 23
0 1704749413.350146 128 25
0 1704749413.355146 129 27
0 1704749413.360146 131 30
0 1704749413.365146 131 32
0 1704749413.370146 131 33
0 1704749413.375146 131 33
0 1704749413.380146 130 34
0 1704749413.385146 130 33
0 1704749413.390146 129 31
0 1704749413.395147 131 31
0 1704749413.400147 131 32
0 1704749413.405147 131 32
0 1704749413.410147 130 29
0 1704749413.415147 132 29
0 1704749413.420147 132 29
0 1704749413.425147 130 31
0 1704749413.430147 131 32
0 1704749413.435148 131 32
0 1704749413.440148 131 29
0 1704749413.445148 135 33
0 1704749413.450148 136 34
0 1704749413.455148 138 34
0 1704749413.460148 136 35
0 1704749413.465148 136 35
0 1704749413.470148 134 36
0 1704749413.475148 134 36
0 1704749413.480149 136 37
0 1704749413.485149 135 36
0 1704749413.490149 136 36
0 1704749413.495149 137 37
0 1704749413.500149 139 38
0 1704749413.505149 137 37
0 1704749413.510149 137 34
0 1704749413.515149 138 32
0 1704749413.520149 138 34
0 1704749413.525150 135 34
0 1704749413.530150 135 34
0 1704749413.535150 138 32
0 1704749413.540150 138 32
0 1704749413.545150 136 32
0 1704749413.550150 131 32
0 1704749413.555150 135 32
0 1704749413.560150 137 34
0 1704749413.565150 136 34
0 1704749413.570151 135 31
0 1704749413.575151 138 31
0 1704749413.580151 138 31
0 1704749413.585151 138 31
0 1704749413.590151 141 32
0 1704749413.595151 139 32
0 1704749413.600151 137 32
0 1704749413.605151 137 32
0 1704749413.610152 135 32
0 1704749413.615152 135 33
0 1704749413.620152 134 33
0 1704749413.625152 134 31
0 1704749413.630152 132 32
0 1704749413.635152 133 30
0 1704749413.640152 135 31
0 1704749413.645152 135 28
0 1704749413.650152 135 28
0 1704749413.655153 133 28
0 1704749413.660153 132 27
0 1704749413.665153 132 24
0 1704749413.670153 134 26
0 1704749413.675153 134 25
0 1704749413.680153 136 25
0 1704749413.685153 136 22
0 1704749413.690153 136 22
0 1704749413.695153 136 21
0 1704749413.700154 138 19
0 1704749413.705154 141 19
0 1704749413.710154 141 19
0 1704749413.715154 141 17
0 1704749413.720154 142 18
0 1704749413.725154 141 19
0 1704749413.730154 140 19
0 1704749413.735154 140 19
0 1704749413.740155 138 18
0 1704749413.745155 138 20
0 1704749413.750155 141 21
0 1704749413.755155 141 23
0 1704749413.760155 141 23
0 1704749413.765155 144 22
0 1704749413.770155 140 21
0 1704749413.775155 140 19
0 1704749413.780155 140 20
0 1704749413.785156 140 19
0 1704749413.790156 141 19
0 1704749413.795156 137 19
0 1704749413.800156 138 22
0 1704749413.805156 142 22
0 1704749413.810156 144 22
0 1704749413.815156 144 25
0 1704749413.820156 143 27
0 1704749413.825156 144 27
0 1704749413.830157 143 27
0 1704749413.835157 142 26
0 1704749413.840157 141 25
0 1704749413.845157 141 24
0 1704749413.850157 143 23
0 1704749413.855157 143 23
0 1704749413.860157 142 23
0 1704749413.865157 140 26
0 1704749413.870157 143 23
0 1704749413.875158 145 23
0 1704749413.880158 146 21
0 1704749413.885158 147 22
0 1704749413.890158 147 24
0 1704749413.895158 153 26
0 1704749413.900158 153 26
0 1704749413.905158 156 24
0 1704749413.910158 153 24
0 1704749413.915159 150 27
0 1704749413.920159 150 27
0 1704749413.925159 152 29
0 1704749413.930159 154 30
0 1704749413.935159 150 32
0 1704749413.940159 150 33
0 1704749413.945159 149 36
0 1704749413.950159 149 33
0 1704749413.955159 149 34
0 1704749413.960160 150 34
0 1704749413.965160 150 32
0 1704749413.970160 150 32
0 1704749413.975160 149 32
0 1704749413.980160 144 31
0 1704749413.985160 144 32
0 1704749413.990160 144 33
0 1704749413.995160 145 35
0 1704749414.000160 146 33
0 1704749414.005161 149 33
0 1704749414.010161 149 33
0 1704749414.015161 149 34
0 1704749414.020161 147 34
0 1704749414.025161 147 40
0 1704749414.030161 148 40
0 1704749414.035161 145 40
0 1704749414.040161 145 42
0 1704749414.045161 145 41
0 1704749414.050162 148 41
0 1704749414.055162 149 41
0 1704749414.060162 149 40
0 1704749414.065162 148 38
0 1704749414.070162 147 38
0 1704749414.075162 147 38
0 1704749414.080162 150 39
0 1704749414.085162 150 39
0 1704749414.090163 153 37
0 1704749414.095163 153 37
0 1704749414.100163 152 37
0 1704749414.105163 149 36
0 1704749414.110163 149 36
0 1704749414.115163 149 35
0 1704749414.120163 149 36
0 1704749414.125163 149 40
0 1704749414.130163 151 40
0 1704749414.135164 151 41
0 1704749414.140164 149 42
0 1704749414.145164 150 42
0 1704749414.150164 150 43
0 1704749414.155164 151 42
0 1704749414.160164 149 40
0 1704749414.165164 150 35
0 1704749414.170164 150 34
0 1704749414.175164 148 34
0 1704749414.180165 150 33
0 1704749414.185165 150 33
0 1704749414.190165 150 34
0 1704749414.195165 152 32
0 1704749414.200165 157 34
0 1704749414.205165 154 34
0 1704749414.210165 159 34
0 1704749414.215165 161 35
0 1704749414.220165 161 38
0 1704749414.225166 161 38
0 1704749414.230166 162 38
0 1704749414.235166 164 36
0 1704749414.240166 162 39
0 1704749414.245166 162 38
0 1704749414.250166 159 37
0 1704749414.255166 158 33
0 1704749414.260166 161 33
0 1704749414.265167 163 33
0 1704749414.270167 162 33
0 1704749414.275167 166 33
0 1704749414.280167 165 33
0 1704749414.285167 165 33
0 1704749414.290167 165 34
0 1704749414.295167 165 34
0 1704749414.300167 166 34
0 1704749414.305167 168 36
0 1704749414.310168 171 35
0 1704749414.315168 171 35
0 1704749414.320168 168 33
0 1704749414.325168 168 30
0 1704749414.330168 171 27
0 1704749414.335168 168 30
0 1704749414.340168 168 30
0 1704749414.345168 168 31
0 1704749414.350168 170 35
0 1704749414.355169 171 31
0 1704749414.360169 171 31
0 1704749414.365169 174 31
0 1704749414.370169 177 30
0 1704749414.375169 177 32
0 1704749414.380169 177 33
0 1704749414.385169 177 33
0 1704749414.390169 177 29
0 1704749414.395169 178 29
0 1704749414.400170 183 29
0 1704749414.405170 185 29
0 1704749414.410170 189 27
0 1704749414.415170 189 29
0 1704749414.420170 190 29
0 1704749414.425170 190 28
0 1704749414.430170 191 28
0 1704749414.435170 191 28
0 1704749414.440171 191 26
0 1704749414.445171 192 25
0 1704749414.450171 192 26
0 1704749414.455171 193 26
0 1704749414.460171 193 26
0 1704749414.465171 191 28
0 1704749414.470171 195 28
0 1704749414.475171 194 28
0 1704749414.480171 194 28
0 1704749414.485172 191 28
0 1704749414.490172 190 26
0 1704749414.495172 190 26
0 1704749414.500172 190 25
0 1704749414.505172 188 29
0 1704749414.510172 189 29
0 1704749414.515172 187 31
0 1704749414.520172 183 30
0 1704749414.525172 185 31
0 1704749414.530173 184 30
0 1704749414.535173 188 30
0 1704749414.540173 190 33
0 1704749414.545173 190 33
0 1704749414.550173 190 34
0 1704749414.555173 189 31
0 1704749414.560173 189 30
0 1704749414.565173 189 31
0 1704749414.570174 191 31
0 1704749414.575174 191 31
0 1704749414.580174 190 32
0 1704749414.585174 190 34
0 1704749414.590174 189 34
0 1704749414.595174 190 34
0 1704749414.600174 190 34
0 1704749414.605174 190 33
0 1704749414.610174 189 34
0 1704749414.615175 189 34
0 1704749414.620175 188 34
0 1704749414.625175 189 33
0 1704749414.630175 188 33
0 1704749414.635175 187 33
0 1704749414.640175 187 33
0 1704749414.645175 187 31
0 1704749414.650175 188 31
0 1704749414.655175 183 30
0 1704749414.660176 181 29
0 1704749414.665176 182 26
0 1704749414.670176 180 27
0 1704749414.675176 181 26
0 1704749414.680176 182 25
0 1704749414.685176 185 27
0 1704749414.690176 185 25
0 1704749414.695176 187 23
0 1704749414.700176 186 21
0 1704749414.705177 188 23
0 1704749414.710177 190 28
0 1704749414.715177 193 28
0 1704749414.720177 194 29
0 1704749414.725177 196 29
0 1704749414.730177 198 29
0 1704749414.735177 198 28
0 1704749414.740177 200 26
0 1704749414.745178 200 26
0 1704749414.750178 199 27
0 1704749414.755178 199 29
0 1704749414.760178 200 27
0 1704749414.765178 199 26
0 1704749414.770178 198 27
0 1704749414.775178 199 29
0 1704749414.780178 199 25
0 1704749414.785178 200 24
0 1704749414.790179 200 24
0 1704749414.795179 199 24
0 1704749414.800179 198 25
0 1704749414.805179 196 25
0 1704749414.810179 197 25
0 1704749414.815179 198 27
0 1704749414.820179 198 27
0 1704749414.825179 199 26
0 1704749414.830179 199 29
0 1704749414.835180 200 27
0 1704749414.840180 200 27
0 1704749414.845180 200 28
0 1704749414.850180 197 28
0 1704749414.855180 200 30
0 1704749414.860180 200 34
0 1704749414.865180 197 35
0 1704749414.870180 197 37
0 1704749414.875180 197 36
0 1704749414.880181 197 39
0 1704749414.885181 197 36
0 1704749414.890181 199 34
0 1704749414.895181 198 34
0 1704749414.900181 198 36
0 1704749414.905181 200 38
0 1704749414.910181 200 38
0 1704749414.915181 200 41
0 1704749414.920182 200 40
0 1704749414.925182 196 41
0 1704749414.930182 196 40
0 1704749414.935182 197 38
0 1704749414.940182 197 38
0 1704749414.945182 198 38
0 1704749414.950182 197 38
0 1704749414.955182 198 37
0 1704749414.960182 198 37
0 1704749414.965183 200 35
0 1704749414.970183 200 34
0 1704749414.975183 200 34
0 1704749414.980183 196 32
0 1704749414.985183 197 30
0 1704749414.990183 197 29
0 1704749414.995183 197 29
0 1704749415.000183 197 26
0 1704749415.005183 200 26
0 1704749415.010184 199 24
0 1704749415.015184 200 24
0 1704749415.020184 200 23
0 1704749415.025184 200 23
0 1704749415.030184 199 23
0 1704749415.035184 199 24
0 1704749415.040184 197 24
0 1704749415.045184 197 23
0 1704749415.050184 198 24
0 1704749415.055185 196 21
0 1704749415.060185 194 23
0 1704749415.065185 193 22
0 1704749415.070185 193 22
0 1704749415.075185 195 22
0 1704749415.080185 196 21
0 1704749415.085185 195 17
0 1704749415.090185 195 18
0 1704749415.095186 195 14
0 1704749415.100186 196 11
0 1704749415.105186 194 10
0 1704749415.110186 193 8
0 1704749415.115186 190 3
0 1704749415.120186 190 5
0 1704749415.125186 190 5
0 1704749415.130186 190 3
0 1704749415.135186 191 5
0 1704749415.140187 191 7
0 1704749415.145187 191 3
0 1704749415.150187 190 1
0 1704749415.155187 192 0
0 1704749415.160187 192 0
0 1704749415.165187 192 0
0 1704749415.170187 192 3
0 1704749415.175187 192 2
0 1704749415.180187 192 1
0 1704749415.185188 193 1
0 1704749415.190188 193 0
0 1704749415.195188 193 0
0 1704749415.200188 193 1
0 1704749415.205188 194 0
0 1704749415.210188 195 0
0 1704749415.215188 195 0
0 1704749415.220188 196 0
0 1704749415.225188 197 0
0 1704749415.230189 197 0
0 1704749415.235189 197 0
0 1704749415.240189 197 1
0 1704749415.245189 194 0
0 1704749415.250189 193 0
0 1704749415.255189 193 0
0 1704749415.260189 191 0
0 1704749415.265189 192 2
0 1704749415.270190 193 2
0 1704749415.275190 193 1
0 1704749415.280190 193 0
0 1704749415.285190 193 0
0 1704749415.290190 191 0
0 1704749415.295190 187 2
0 1704749415.300190 187 2
0 1704749415.305190 187 3
0 1704749415.310190 188 3
0 1704749415.315191 188 2
0 1704749415.320191 187 0
0 1704749415.325191 187 3
0 1704749415.330191 187 3
0 1704749415.335191 186 4
0 1704749415.340191 187 7
0 1704749415.345191 187 8
0 1704749415.350191 187 6
0 1704749415.355191 185 9
0 1704749415.360192 186 9
0 1704749415.365192 187 8
0 1704749415.370192 188 12
0 1704749415.375192 189 12
0 1704749415.380192 189 15
0 1704749415.385192 191 17
0 1704749415.390192 190 17
0 1704749415.395192 189 19
0 1704749415.400192 192 19
0 1704749415.405193 192 21
0 1704749415.410193 198 22
0 1704749415.415193 197 20
0 1704749415.420193 200 20
0 1704749415.425193 199 20
0 1704749415.430193 197 20
0 1704749415.435193 198 22
0 1704749415.440193 197 21
0 1704749415.445194 196 19
0 1704749415.450194 196 21
0 1704749415.455194 198 23
0 1704749415.460194 200 24
0 1704749415.465194 200 24
0 1704749415.470194 200 24
0 1704749415.475194 200 25
0 1704749415.480194 199 25
0 1704749415.485194 199 24
0 1704749415.490195 200 24
0 1704749415.495195 200 28
0 1704749415.500195 200 28
0 1704749415.505195 198 25
0 1704749415.510195 199 23
0 1704749415.515195 199 23
0 1704749415.520195 196 23
0 1704749415.525195 197 23
0 1704749415.530195 197 28
0 1704749415.535196 197 30
0 1704749415.540196 198 30
0 1704749415.545196 199 30
0 1704749415.550196 199 29
0 1704749415.555196 199 29
0 1704749415.560196 199 29
0 1704749415.565196 200 27
0 1704749415.570196 200 28
0 1704749415.575197 198 29
0 1704749415.580197 198 29
0 1704749415.585197 198 28
0 1704749415.590197 194 30
0 1704749415.595197 194 31
0 1704749415.600197 196 29
0 1704749415.605197 194 27
0 1704749415.610197 196 29
0 1704749415.615197 200 30
0 1704749415.620198 200 31
0 1704749415.625198 197 30
0 1704749415.630198 197 29
0 1704749415.635198 196 30
0 1704749415.640198 198 30
0 1704749415.645198 200 26
0 1704749415.650198 200 29
0 1704749415.655198 200 30
0 1704749415.660198 200 30
0 1704749415.665199 199 32
0 1704749415.670199 198 29
0 1704749415.675199 196 28
0 1704749415.680199 198 28
0 1704749415.685199 197 30
0 1704749415.690199 197 30
0 1704749415.695199 197 29
0 1704749415.700199 196 31
0 1704749415.705199 194 33
0 1704749415.710200 189 31
0 1704749415.715200 191 31
0 1704749415.720200 193 34
0 1704749415.725200 195 31
0 1704749415.730200 197 32
0 1704749415.735200 197 37
0 1704749415.740200 198 37
0 1704749415.745200 197 36
0 1704749415.750201 197 38
0 1704749415.755201 197 36
0 1704749415.760201 198 35
0 1704749415.765201 199 36
0 1704749415.770201 199 36
0 1704749415.775201 197 37
0 1704749415.780201 197 37
0 1704749415.785201 195 36
0 1704749415.790201 195 38
0 1704749415.795202 195 40
0 1704749415.800202 196 40
0 1704749415.805202 197 40
0 1704749415.810202 195 40
0 1704749415.815202 194 39
0 1704749415.820202 193 37
0 1704749415.825202 195 39
0 1704749415.830202 195 40
0 1704749415.835202 197 36
0 1704749415.840203 197 38
0 1704749415.845203 197 38
0 1704749415.850203 197 38
0 1704749415.855203 197 35
0 1704749415.860203 199 36
0 1704749415.865203 200 40
0 1704749415.870203 199 41
0 1704749415.875203 199 38
0 1704749415.880203 200 39
0 1704749415.885204 200 38
0 1704749415.890204 198 37
0 1704749415.895204 196 37
0 1704749415.900204 197 37
0 1704749415.905204 195 37
0 1704749415.910204 199 38
0 1704749415.915204 200 37
0 1704749415.920204 196 37
0 1704749415.925205 197 39
0 1704749415.930205 197 38
0 1704749415.935205 195 39
0 1704749415.940205 196 38
0 1704749415.945205 192 41
0 1704749415.950205 194 40
0 1704749415.955205 194 45
0 1704749415.960205 196 45
0 1704749415.965205 197 46
0 1704749415.970206 196 43
0 1704749415.975206 196 45
0 1704749415.980206 198 43
0 1704749415.985206 200 42
0 1704749415.990206 200 44
0 1704749415.995206 200 45
0 1704749416.000206 198 41
0 1704749416.005206 196 37
0 1704749416.010206 193 37
0 1704749416.015207 193 37
0 1704749416.020207 192 38
0 1704749416.025207 190 37
0 1704749416.030207 188 38
0 1704749416.035207 188 37
0 1704749416.040207 190 35
0 1704749416.045207 190 35
0 1704749416.050207 191 37
0 1704749416.055207 192 40
0 1704749416.060208 192 41
0 1704749416.065208 192 44
0 1704749416.070208 192 43
0 1704749416.075208 192 43
0 1704749416.080208 192 43
0 1704749416.085208 194 41
0 1704749416.090208 196 39
0 1704749416.095208 195 39
0 1704749416.100209 195 36
0 1704749416.105209 195 38
0 1704749416.110209 196 38
0 1704749416.115209 200 37
0 1704749416.120209 200 39
0 1704749416.125209 200 39
0 1704749416.130209 198 37
0 1704749416.135209 200 35
0 1704749416.140209 200 34
0 1704749416.145210 198 32
0 1704749416.150210 196 32
0 1704749416.155210 196 27
0 1704749416.160210 196 28
0 1704749416.165210 196 27
0 1704749416.170210 197 29
0 1704749416.175210 196 30
0 1704749416.180210 196 30
0 1704749416.185210 195 30
0 1704749416.190211 194 32
0 1704749416.195211 194 32
0 1704749416.200211 194 32
0 1704749416.205211 196 31
0 1704749416.210211 195 30
0 1704749416.215211 194 30
0 1704749416.220211 194 29
0 1704749416.225211 194 30
0 1704749416.230211 196 30
0 1704749416.235212 194 31
0 1704749416.240212 195 31
0 1704749416.245212 195 32
0 1704749416.250212 195 33
0 1704749416.255212 195 31
0 1704749416.260212 198 31
0 1704749416.265212 198 31
0 1704749416.270212 197 30
0 1704749416.275213 199 29
0 1704749416.280213 196 26
0 1704749416.285213 196 25
0 1704749416.290213 200 23
0 1704749416.295213 199 24
0 1704749416.300213 199 28
0 1704749416.305213 199 27
0 1704749416.310213 199 25
0 1704749416.315213 200 26
0 1704749416.320214 200 28
0 1704749416.325214 200 28
0 1704749416.330214 200 28
0 1704749416.335214 200 28
0 1704749416.340214 199 25
0 1704749416.345214 200 24
0 1704749416.350214 200 25
0 1704749416.355214 199 20
0 1704749416.360214 199 18
0 1704749416.365215 200 17
0 1704749416.370215 200 18
0 1704749416.375215 200 18
0 1704749416.380215 200 19
0 1704749416.385215 198 19
0 1704749416.390215 198 20
0 1704749416.395215 196 21
0 1704749416.400215 196 21
0 1704749416.405216 195 19
0 1704749416.410216 194 17
0 1704749416.415216 194 15
0 1704749416.420216 194 15
0 1704749416.425216 194 15
0 1704749416.430216 194 14
0 1704749416.435216 196 15
0 1704749416.440216 195 15
0 1704749416.445216 194 14
0 1704749416.450217 193 14
0 1704749416.455217 191 16
0 1704749416.460217 187 15
0 1704749416.465217 188 17
0 1704749416.470217 191 16
0 1704749416.475217 191 15
0 1704749416.480217 193 15
0 1704749416.485217 193 15
0 1704749416.490217 195 15
0 1704749416.495218 191 14
0 1704749416.500218 190 17
0 1704749416.505218 191 16
0 1704749416.510218 189 17
0 1704749416.515218 188 17
0 1704749416.520218 188 20
0 1704749416.525218 188 21
0 1704749416.530218 189 18
0 1704749416.535218 191 15
0 1704749416.540219 193 15
0 1704749416.545219 192 15
0 1704749416.550219 192 15
0 1704749416.555219 192 13
0 1704749416.560219 192 13
0 1704749416.565219 192 13
0 1704749416.570219 189 11
0 1704749416.575219 189 12
0 1704749416.580220 188 11
0 1704749416.585220 186 10
0 1704749416.590220 185 11
0 1704749416.595220 185 11
0 1704749416.600220 185 12
0 1704749416.605220 185 10
0 1704749416.610220 185 10
0 1704749416.615220 185 6
0 1704749416.620220 184 6
0 1704749416.625221 184 8
0 1704749416.630221 185 10
0 1704749416.635221 187 7
0 1704749416.640221 188 8
0 1704749416.645221 188 12
0 1704749416.650221 188 12
0 1704749416.655221 190 12
0 1704749416.660221 192 12
0 1704749416.665221 190 13
0 1704749416.670222 192 12
0 1704749416.675222 185 11
0 1704749416.680222 182 11
0 1704749416.685222 182 12
0 1704749416.690222 182 9
0 1704749416.695222 182 11
0 1704749416.700222 180 11
0 1704749416.705222 178 11
0 1704749416.710222 180 9
0 1704749416.715223 180 9
0 1704749416.720223 178 9
0 1704749416.725223 180 13
0 1704749416.730223 178 9
0 1704749416.735223 178 7
0 1704749416.740223 178 8
0 1704749416.745223 178 8
0 1704749416.750223 178 8
0 1704749416.755224 179 12
0 1704749416.760224 178 13
0 1704749416.765224 178 13
0 1704749416.770224 179 13
0 1704749416.775224 179 11
0 1704749416.780224 180 8
0 1704749416.785224 180 10
0 1704749416.790224 181 12
0 1704749416.795224 180 14
0 1704749416.800225 181 12
0 1704749416.805225 178 15
0 1704749416.810225 177 15
0 1704749416.815225 178 14
0 1704749416.820225 176 14
0 1704749416.825225 175 14
0 1704749416.830225 175 14
0 1704749416.835225 175 13
0 1704749416.840225 175 14
0 1704749416.845226 175 14
0 1704749416.850226 175 17
0 1704749416.855226 175 15
0 1704749416.860226 174 15
0 1704749416.865226 176 18
0 1704749416.870226 176 18
0 1704749416.875226 175 18
0 1704749416.880226 175 18
0 1704749416.885226 175 18
0 1704749416.890227 175 19
0 1704749416.895227 177 19
0 1704749416.900227 177 19
0 1704749416.905227 177 17
0 1704749416.910227 177 17
0 1704749416.915227 172 18
0 1704749416.920227 172 18
0 1704749416.925227 173 16
0 1704749416.930228 174 13
0 1704749416.935228 175 15
0 1704749416.940228 175 18
0 1704749416.945228 174 19
0 1704749416.950228 173 19
0 1704749416.955228 173 19
0 1704749416.960228 174 22
0 1704749416.965228 172 22
0 1704749416.970228 172 22
0 1704749416.975229 170 22
0 1704749416.980229 173 22
0 1704749416.985229 173 22
