0 1704749405.582000 156 32
0 1704749405.615000 156 36
0 1704749405.649000 158 41
0 1704749405.682000 158 41
0 1704749405.716000 156 39
0 1704749405.749000 147 43
0 1704749405.783000 147 41
0 1704749405.816000 146 41
0 1704749405.850000 147 40
0 1704749405.883000 148 45
0 1704749405.917000 148 42
0 1704749405.950000 146 44
0 1704749405.984000 146 44
0 1704749406.017000 149 42
0 1704749406.051000 152 43
0 1704749406.085000 152 40
0 1704749406.117000 152 41
0 1704749406.152000 153 42
0 1704749406.185000 151 47
0 1704749406.219000 149 46
0 1704749406.252000 148 47
0 1704749406.286000 148 46
0 1704749406.319000 152 44
0 1704749406.353000 155 46
0 1704749406.386000 153 43
0 1704749406.420000 152 43
0 1704749406.453000 147 38
0 1704749406.487000 146 42
0 1704749406.520000 145 43
0 1704749406.554000 146 43
0 1704749406.587000 154 44
0 1704749406.621000 159 39
0 1704749406.655000 160 41
0 1704749406.688000 162 41
0 1704749406.722000 158 41
0 1704749406.755000 160 40
0 1704749406.789000 157 44
0 1704749406.822000 155 43
0 1704749406.856000 155 43
0 1704749406.889000 156 44
0 1704749406.940000 159 48
0 1704749406.973000 156 46
0 1704749407.007000 157 45
0 1704749407.040000 155 47
0 1704749407.074000 149 48
0 1704749407.107000 149 49
0 1704749407.141000 153 47
0 1704749407.174000 155 48
0 1704749407.208000 160 48
0 1704749407.241000 160 50
0 1704749407.275000 159 50
0 1704749407.308000 157 51
0 1704749407.342000 160 51
0 1704749407.375000 161 52
0 1704749407.409000 161 53
0 1704749407.443000 159 53
0 1704749407.476000 159 50
0 1704749407.510000 160 51
0 1704749407.542000 164 46
0 1704749407.577000 166 49
0 1704749407.610000 167 48
0 1704749407.644000 173 47
0 1704749407.677000 173 46
0 1704749407.711000 178 43
0 1704749407.744000 181 48
0 1704749407.778000 181 45
0 1704749407.811000 180 48
0 1704749407.845000 183 46
0 1704749407.878000 179 51
0 1704749407.912000 178 53
0 1704749407.945000 180 57
0 1704749407.979000 177 60
0 1704749408.012000 175 60
0 1704749408.046000 177 59
0 1704749408.080000 177 55
0 1704749408.113000 179 57
0 1704749408.147000 180 56
0 1704749408.181000 179 58
0 1704749408.214000 174 57
0 1704749408.247000 173 56
0 1704749408.281000 171 57
0 1704749408.314000 169 59
0 1704749408.348000 171 57
0 1704749408.381000 168 60
0 1704749408.415000 168 59
0 1704749408.448000 166 59
0 1704749408.482000 167 59
0 1704749408.515000 167 59
0 1704749408.549000 170 59
0 1704749408.583000 171 59
0 1704749408.616000 173 58
0 1704749408.650000 175 56
0 1704749408.683000 177 53
0 1704749408.717000 170 52
0 1704749408.750000 170 51
0 1704749408.784000 166 49
0 1704749408.817000 166 50
0 1704749408.851000 165 53
0 1704749408.884000 165 51
0 1704749408.918000 164 53
0 1704749408.951000 165 49
0 1704749408.985000 166 48
0 1704749409.018000 167 45
0 1704749409.052000 166 43
0 1704749409.085000 167 45
0 1704749409.119000 168 45
0 1704749409.152000 170 47
0 1704749409.186000 170 47
0 1704749409.220000 169 47
0 1704749409.253000 166 51
0 1704749409.287000 166 50
0 1704749409.321000 157 50
0 1704749409.354000 157 44
0 1704749409.387000 157 44
0 1704749409.421000 156 45
0 1704749409.454000 154 42
0 1704749409.488000 156 44
0 1704749409.521000 155 40
0 1704749409.555000 155 42
0 1704749409.588000 155 39
0 1704749409.622000 158 39
0 1704749409.655000 156 41
0 1704749409.689000 154 44
0 1704749409.723000 157 42
0 1704749409.756000 156 43
0 1704749409.790000 154 41
0 1704749409.823000 156 37
0 1704749409.857000 159 41
0 1704749409.890000 161 40
0 1704749409.924000 161 40
0 1704749409.957000 163 38
0 1704749409.991000 163 36
0 1704749410.024000 162 32
0 1704749410.058000 162 35
0 1704749410.091000 160 37
0 1704749410.125000 157 40
0 1704749410.158000 157 41
0 1704749410.192000 158 41
0 1704749410.225000 158 38
0 1704749410.259000 158 38
0 1704749410.293000 160 39
0 1704749410.326000 158 43
0 1704749410.360000 156 45
0 1704749410.393000 153 44
0 1704749410.427000 154 45
0 1704749410.461000 154 45
0 1704749410.494000 153 53
0 1704749410.528000 153 53
0 1704749410.561000 151 55
0 1704749410.594000 154 53
0 1704749410.628000 153 51
0 1704749410.661000 153 54
0 1704749410.695000 151 54
0 1704749410.728000 151 52
0 1704749410.762000 152 51
0 1704749410.795000 151 49
0 1704749410.829000 152 47
0 1704749410.863000 152 50
0 1704749410.896000 153 52
0 1704749410.930000 150 48
0 1704749410.963000 149 48
0 1704749410.997000 152 48
0 1704749411.030000 150 46
0 1704749411.064000 150 44
0 1704749411.097000 149 43
0 1704749411.131000 149 43
0 1704749411.164000 149 44
0 1704749411.198000 152 42
0 1704749411.231000 150 43
0 1704749411.265000 146 43
0 1704749411.298000 144 41
0 1704749411.332000 140 41
0 1704749411.365000 141 43
0 1704749411.399000 143 43
0 1704749411.433000 141 44
0 1704749411.466000 147 46
0 1704749411.500000 146 48
0 1704749411.533000 147 44
0 1704749411.567000 144 49
0 1704749411.600000 141 48
0 1704749411.634000 143 46
0 1704749411.667000 143 47
0 1704749411.701000 146 48
0 1704749411.734000 143 50
0 1704749411.768000 143 49
0 1704749411.801000 146 52
0 1704749411.835000 143 50
0 1704749411.868000 145 45
0 1704749411.902000 145 43
0 1704749411.935000 140 43
0 1704749411.969000 139 45
0 1704749412.003000 139 43
0 1704749412.036000 142 39
0 1704749412.070000 141 37
0 1704749412.103000 138 34
0 1704749412.137000 141 34
0 1704749412.170000 137 32
0 1704749412.204000 137 31
0 1704749412.237000 135 31
0 1704749412.271000 138 31
0 1704749412.304000 137 30
0 1704749412.338000 136 30
0 1704749412.371000 137 25
0 1704749412.405000 134 24
0 1704749412.438000 133 23
0 1704749412.472000 132 26
0 1704749412.505000 126 29
0 1704749412.539000 124 27
0 1704749412.573000 123 26
0 1704749412.606000 124 24
0 1704749412.640000 121 24
0 1704749412.673000 122 20
0 1704749412.707000 124 21
0 1704749412.740000 123 20
0 1704749412.774000 124 20
0 1704749412.807000 129 19
0 1704749412.841000 126 22
0 1704749412.874000 129 24
0 1704749412.908000 134 26
0 1704749412.941000 139 25
0 1704749412.975000 137 25
0 1704749413.008000 133 22
0 1704749413.042000 133 22
0 1704749413.075000 135 21
0 1704749413.109000 139 22
0 1704749413.142000 140 22
0 1704749413.176000 140 22
0 1704749413.209000 138 18
0 1704749413.243000 137 20
0 1704749413.277000 134 23
0 1704749413.311000 131 24
0 1704749413.344000 131 22
0 1704749413.377000 131 22
0 1704749413.411000 131 24
0 1704749413.444000 133 22
0 1704749413.478000 133 23
0 1704749413.511000 133 25
0 1704749413.545000 133 25
0 1704749413.578000 134 26
0 1704749413.612000 135 28
0 1704749413.645000 135 28
0 1704749413.679000 135 29
0 1704749413.713000 132 29
0 1704749413.746000 131 29
0 1704749413.780000 128 29
0 1704749413.813000 128 30
0 1704749413.847000 124 30
0 1704749413.880000 124 32
0 1704749413.914000 125 32
0 1704749413.947000 125 33
0 1704749413.981000 126 28
0 1704749414.014000 126 31
0 1704749414.048000 126 32
0 1704749414.081000 128 34
0 1704749414.115000 131 35
0 1704749414.148000 129 32
0 1704749414.182000 129 33
0 1704749414.215000 130 29
0 1704749414.249000 131 31
0 1704749414.282000 131 33
0 1704749414.316000 132 30
0 1704749414.350000 136 27
0 1704749414.383000 138 26
0 1704749414.417000 139 27
0 1704749414.450000 143 28
0 1704749414.484000 143 30
0 1704749414.517000 146 32
0 1704749414.551000 145 30
0 1704749414.584000 146 30
0 1704749414.618000 144 30
0 1704749414.651000 142 33
0 1704749414.685000 143 36
0 1704749414.718000 142 36
0 1704749414.752000 142 37
0 1704749414.785000 142 38
0 1704749414.819000 140 39
0 1704749414.853000 137 39
0 1704749414.886000 141 39
0 1704749414.920000 140 37
0 1704749414.953000 141 37
0 1704749414.987000 143 32
0 1704749415.020000 146 36
0 1704749415.054000 145 37
0 1704749415.087000 145 38
0 1704749415.121000 140 40
0 1704749415.154000 141 38
0 1704749415.188000 141 38
0 1704749415.221000 139 41
0 1704749415.255000 141 38
0 1704749415.288000 141 34
0 1704749415.322000 140 34
0 1704749415.355000 139 34
0 1704749415.389000 139 34
0 1704749415.423000 140 31
0 1704749415.456000 139 27
0 1704749415.490000 135 27
0 1704749415.523000 134 27
0 1704749415.557000 135 24
0 1704749415.590000 134 25
0 1704749415.624000 132 26
0 1704749415.657000 129 24
0 1704749415.691000 131 25
0 1704749415.724000 129 25
0 1704749415.758000 130 24
0 1704749415.791000 127 27
0 1704749415.825000 124 26
0 1704749415.858000 123 20
0 1704749415.892000 121 17
0 1704749415.925000 120 17
0 1704749415.959000 120 21
0 1704749415.993000 120 21
0 1704749416.026000 120 18
0 1704749416.060000 120 21
0 1704749416.093000 121 21
0 1704749416.127000 120 23
0 1704749416.160000 120 28
0 1704749416.194000 117 31
0 1704749416.227000 111 34
0 1704749416.261000 113 35
0 1704749416.294000 109 32
0 1704749416.328000 107 30
0 1704749416.361000 109 27
0 1704749416.395000 109 34
0 1704749416.428000 111 35
0 1704749416.462000 110 35
0 1704749416.495000 110 35
0 1704749416.529000 115 33
0 1704749416.563000 115 35
0 1704749416.596000 115 32
0 1704749416.629000 115 35
0 1704749416.663000 112 35
0 1704749416.697000 113 36
0 1704749416.730000 116 36
0 1704749416.764000 115 36
0 1704749416.797000 115 37
0 1704749416.831000 117 40
0 1704749416.864000 114 41
0 1704749416.898000 111 41
0 1704749416.931000 115 41
0 1704749416.965000 112 41
0 1704749416.998000 114 40
0 1704749417.032000 114 37
0 1704749417.065000 114 35
0 1704749417.099000 114 33
0 1704749417.132000 116 33
0 1704749417.166000 118 36
0 1704749417.199000 118 34
0 1704749417.233000 116 37
0 1704749417.267000 112 36
0 1704749417.301000 112 35
0 1704749417.334000 115 33
0 1704749417.367000 116 31
0 1704749417.401000 115 29
0 1704749417.434000 118 29
0 1704749417.468000 114 39
0 1704749417.501000 113 38
0 1704749417.535000 114 36
0 1704749417.568000 112 34
0 1704749417.602000 111 34
0 1704749417.635000 110 33
0 1704749417.669000 109 31
0 1704749417.702000 111 32
0 1704749417.736000 109 32
0 1704749417.769000 110 34
0 1704749417.803000 114 35
0 1704749417.837000 110 36
0 1704749417.870000 109 34
0 1704749417.904000 114 32
0 1704749417.937000 111 26
0 1704749417.971000 110 27
0 1704749418.004000 109 27
0 1704749418.038000 109 25
0 1704749418.071000 107 30
0 1704749418.105000 111 29
0 1704749418.138000 110 27
0 1704749418.172000 112 25
0 1704749418.205000 114 25
0 1704749418.239000 114 26
0 1704749418.272000 117 24
0 1704749418.306000 116 22
0 1704749418.340000 115 23
0 1704749418.373000 118 29
0 1704749418.407000 119 25
0 1704749418.441000 121 25
0 1704749418.474000 119 22
0 1704749418.507000 117 20
0 1704749418.541000 120 18
0 1704749418.574000 122 18
0 1704749418.608000 120 17
0 1704749418.641000 123 10
0 1704749418.675000 123 11
0 1704749418.708000 122 11
0 1704749418.742000 121 11
0 1704749418.775000 120 13
0 1704749418.809000 117 16
0 1704749418.842000 120 16
0 1704749418.876000 115 17
0 1704749418.910000 119 16
0 1704749418.944000 118 15
0 1704749418.977000 120 12
0 1704749419.010000 118 15
0 1704749419.044000 120 15
0 1704749419.077000 126 18
0 1704749419.111000 122 24
0 1704749419.144000 120 23
0 1704749419.178000 120 24
0 1704749419.211000 117 24
0 1704749419.245000 120 24
0 1704749419.278000 121 23
0 1704749419.312000 121 21
0 1704749419.345000 116 16
0 1704749419.379000 118 13
0 1704749419.413000 121 11
0 1704749419.446000 122 11
0 1704749419.480000 121 11
0 1704749419.513000 125 11
0 1704749419.547000 125 11
0 1704749419.580000 127 5
0 1704749419.614000 128 6
0 1704749419.647000 127 5
0 1704749419.681000 126 7
0 1704749419.714000 126 3
0 1704749419.748000 125 4
0 1704749419.781000 126 5
0 1704749419.815000 124 7
0 1704749419.848000 126 8
0 1704749419.882000 124 7
0 1704749419.915000 124 9
0 1704749419.949000 123 12
0 1704749419.983000 125 13
0 1704749420.016000 125 15
0 1704749420.050000 124 13
0 1704749420.083000 124 16
0 1704749420.117000 127 16
0 1704749420.150000 129 15
0 1704749420.184000 128 12
0 1704749420.217000 127 13
0 1704749420.251000 132 15
0 1704749420.284000 136 19
0 1704749420.318000 136 18
0 1704749420.351000 136 18
0 1704749420.385000 139 18
0 1704749420.418000 136 17
0 1704749420.452000 137 18
0 1704749420.486000 137 16
0 1704749420.519000 135 18
0 1704749420.553000 137 16
0 1704749420.586000 138 16
0 1704749420.620000 138 20
0 1704749420.653000 139 20
0 1704749420.687000 138 18
0 1704749420.721000 134 19
0 1704749420.754000 137 20
0 1704749420.787000 137 23
0 1704749420.821000 137 24
0 1704749420.854000 133 24
0 1704749420.888000 133 21
0 1704749420.921000 134 22
0 1704749420.955000 132 22
0 1704749420.988000 130 24
0 1704749421.022000 131 24
0 1704749421.055000 126 24
0 1704749421.089000 123 24
0 1704749421.122000 124 20
0 1704749421.156000 124 20
0 1704749421.190000 132 21
0 1704749421.223000 134 18
0 1704749421.257000 131 21
0 1704749421.291000 130 22
0 1704749421.324000 127 20
0 1704749421.357000 125 21
0 1704749421.391000 125 20
0 1704749421.424000 123 22
0 1704749421.458000 123 22
0 1704749421.491000 127 23
0 1704749421.525000 125 24
0 1704749421.558000 127 24
0 1704749421.592000 127 22
0 1704749421.625000 127 23
0 1704749421.659000 127 21
0 1704749421.692000 126 22
0 1704749421.726000 126 22
0 1704749421.760000 129 21
0 1704749421.793000 129 21
0 1704749421.827000 132 18
0 1704749421.861000 133 20
0 1704749421.894000 133 17
0 1704749421.927000 135 13
0 1704749421.961000 137 14
0 1704749421.994000 140 15
0 1704749422.028000 142 17
0 1704749422.061000 141 15
0 1704749422.095000 139 12
0 1704749422.128000 140 11
0 1704749422.162000 149 15
0 1704749422.195000 147 15
0 1704749422.229000 149 13
0 1704749422.262000 148 15
0 1704749422.296000 150 15
0 1704749422.330000 151 13
0 1704749422.363000 150 14
0 1704749422.397000 152 13
0 1704749422.430000 153 12
0 1704749422.464000 152 13
0 1704749422.497000 153 13
0 1704749422.531000 153 10
0 1704749422.564000 155 9
0 1704749422.598000 160 8
0 1704749422.631000 160 5
0 1704749422.665000 159 5
0 1704749422.698000 156 2
0 1704749422.732000 156 2
0 1704749422.765000 155 2
0 1704749422.799000 157 0
0 1704749422.832000 157 1
0 1704749422.866000 154 2
0 1704749422.900000 148 1
0 1704749422.933000 149 2
0 1704749422.967000 152 1
0 1704749423.000000 153 1
0 1704749423.034000 151 0
0 1704749423.067000 151 0
0 1704749423.101000 152 2
0 1704749423.134000 155 1
0 1704749423.168000 156 1
0 1704749423.201000 158 0
0 1704749423.235000 158 1
0 1704749423.268000 160 0
0 1704749423.302000 163 0
0 1704749423.335000 160 0
0 1704749423.369000 160 0
0 1704749423.403000 159 2
0 1704749423.436000 159 5
0 1704749423.470000 157 6
0 1704749423.503000 155 4
0 1704749423.537000 154 4
0 1704749423.570000 155 4
0 1704749423.604000 154 5
0 1704749423.637000 152 5
0 1704749423.671000 151 4
0 1704749423.704000 150 5
0 1704749423.738000 155 3
0 1704749423.771000 156 5
0 1704749423.805000 155 5
0 1704749423.838000 155 6
0 1704749423.872000 154 5
0 1704749423.905000 152 11
0 1704749423.939000 151 13
0 1704749423.973000 155 10
0 1704749424.006000 154 14
0 1704749424.040000 155 12
0 1704749424.073000 152 14
0 1704749424.107000 150 13
0 1704749424.140000 144 12
0 1704749424.174000 140 12
0 1704749424.207000 139 8
0 1704749424.241000 137 10
0 1704749424.274000 142 9
0 1704749424.308000 136 9
0 1704749424.341000 136 6
0 1704749424.375000 137 5
0 1704749424.408000 136 5
0 1704749424.442000 141 5
0 1704749424.475000 141 0
0 1704749424.509000 139 2
0 1704749424.543000 136 4
0 1704749424.576000 134 3
0 1704749424.610000 135 4
0 1704749424.643000 136 6
0 1704749424.677000 134 8
0 1704749424.710000 133 10
0 1704749424.744000 134 10
0 1704749424.777000 136 15
0 1704749424.811000 138 17
0 1704749424.844000 136 16
0 1704749424.878000 138 18
0 1704749424.911000 136 23
0 1704749424.945000 139 25
0 1704749424.978000 138 26
0 1704749425.012000 138 23
0 1704749425.045000 134 25
0 1704749425.079000 132 22
0 1704749425.113000 132 22
0 1704749425.146000 132 21
0 1704749425.180000 132 21
0 1704749425.213000 125 13
0 1704749425.247000 124 14
0 1704749425.280000 124 14
0 1704749425.314000 128 16
0 1704749425.347000 122 17
0 1704749425.381000 125 17
0 1704749425.414000 124 18
0 1704749425.448000 121 16
0 1704749425.481000 121 13
0 1704749425.515000 122 15
0 1704749425.548000 120 16
0 1704749425.582000 122 15
0 1704749425.615000 115 19
0 1704749425.649000 115 16
0 1704749425.683000 114 18
0 1704749425.716000 114 19
0 1704749425.750000 113 20
0 1704749425.783000 113 22
0 1704749425.817000 120 24
0 1704749425.850000 124 20
0 1704749425.884000 126 25
0 1704749425.917000 126 21
0 1704749425.951000 124 22
0 1704749425.984000 124 20
0 1704749426.018000 121 27
0 1704749426.051000 121 24
0 1704749426.085000 121 21
0 1704749426.118000 123 23
0 1704749426.152000 123 23
0 1704749426.185000 120 22
0 1704749426.219000 122 24
0 1704749426.253000 123 23
0 1704749426.286000 128 25
0 1704749426.320000 131 30
0 1704749426.353000 131 33
0 1704749426.387000 130 34
0 1704749426.420000 129 31
0 1704749426.454000 131 32
0 1704749426.487000 130 29
0 1704749426.521000 132 29
0 1704749426.554000 131 32
0 1704749426.588000 131 29
0 1704749426.621000 136 34
0 1704749426.655000 136 35
0 1704749426.688000 134 36
0 1704749426.722000 136 37
0 1704749426.755000 136 36
0 1704749426.789000 139 38
0 1704749426.823000 137 34
0 1704749426.856000 138 34
0 1704749426.890000 135 34
0 1704749426.923000 138 32
0 1704749426.957000 131 32
0 1704749426.990000 137 34
0 1704749427.024000 135 31
0 1704749427.057000 138 31
0 1704749427.091000 141 32
0 1704749427.124000 137 32
0 1704749427.158000 135 32
0 1704749427.191000 134 33
0 1704749427.225000 132 32
0 1704749427.258000 135 31
0 1704749427.292000 135 28
0 1704749427.325000 132 27
0 1704749427.359000 134 26
0 1704749427.393000 136 25
0 1704749427.426000 136 22
0 1704749427.460000 138 19
0 1704749427.493000 141 19
0 1704749427.527000 142 18
0 1704749427.560000 140 19
0 1704749427.594000 138 18
0 1704749427.627000 141 21
0 1704749427.661000 141 23
0 1704749427.694000 140 21
0 1704749427.728000 140 20
0 1704749427.761000 141 19
0 1704749427.795000 138 22
0 1704749427.828000 144 22
0 1704749427.862000 143 27
0 1704749427.895000 143 27
0 1704749427.929000 141 25
0 1704749427.963000 143 23
0 1704749427.996000 142 23
0 1704749428.030000 143 23
0 1704749428.063000 146 21
0 1704749428.097000 147 24
0 1704749428.130000 153 26
0 1704749428.164000 153 24
0 1704749428.197000 150 27
0 1704749428.231000 154 30
0 1704749428.264000 150 33
0 1704749428.298000 149 33
0 1704749428.331000 150 34
0 1704749428.365000 150 32
0 1704749428.398000 144 31
0 1704749428.432000 144 33
0 1704749428.465000 146 33
0 1704749428.499000 149 33
0 1704749428.533000 147 34
0 1704749428.566000 148 40
0 1704749428.600000 145 42
0 1704749428.633000 148 41
0 1704749428.667000 149 40
0 1704749428.701000 147 38
0 1704749428.734000 150 39
0 1704749428.767000 153 37
0 1704749428.801000 152 37
0 1704749428.834000 149 36
0 1704749428.868000 149 36
0 1704749428.901000 151 40
0 1704749428.935000 149 42
0 1704749428.968000 150 43
0 1704749429.002000 149 40
0 1704749429.035000 150 34
0 1704749429.069000 150 33
0 1704749429.103000 150 34
0 1704749429.136000 157 34
0 1704749429.170000 159 34
0 1704749429.203000 161 38
0 1704749429.237000 162 38
0 1704749429.270000 162 39
0 1704749429.304000 159 37
0 1704749429.337000 161 33
0 1704749429.371000 162 33
0 1704749429.404000 165 33
0 1704749429.438000 165 34
0 1704749429.471000 166 34
0 1704749429.505000 171 35
0 1704749429.538000 168 33
0 1704749429.572000 171 27
0 1704749429.605000 168 30
0 1704749429.639000 170 35
0 1704749429.673000 171 31
0 1704749429.706000 177 30
0 1704749429.740000 177 33
0 1704749429.772000 177 29
0 1704749429.807000 183 29
0 1704749429.840000 189 27
0 1704749429.874000 190 29
0 1704749429.907000 191 28
0 1704749429.941000 191 26
0 1704749429.974000 192 26
0 1704749430.008000 193 26
0 1704749430.041000 195 28
0 1704749430.075000 194 28
0 1704749430.108000 190 26
0 1704749430.142000 190 25
0 1704749430.175000 189 29
0 1704749430.209000 183 30
0 1704749430.243000 184 30
0 1704749430.276000 190 33
0 1704749430.310000 190 34
0 1704749430.343000 189 30
0 1704749430.377000 191 31
0 1704749430.410000 190 32
0 1704749430.444000 189 34
0 1704749430.477000 190 34
0 1704749430.511000 189 34
0 1704749430.544000 188 34
0 1704749430.578000 188 33
0 1704749430.611000 187 33
0 1704749430.645000 188 31
0 1704749430.678000 181 29
0 1704749430.712000 180 27
0 1704749430.745000 182 25
0 1704749430.779000 185 25
0 1704749430.813000 186 21
0 1704749430.846000 190 28
0 1704749430.880000 194 29
0 1704749430.913000 198 29
0 1704749430.947000 200 26
0 1704749430.980000 199 27
0 1704749431.014000 200 27
0 1704749431.047000 198 27
0 1704749431.081000 199 25
0 1704749431.114000 200 24
0 1704749431.148000 198 25
0 1704749431.181000 197 25
0 1704749431.215000 198 27
0 1704749431.248000 199 29
0 1704749431.282000 200 27
0 1704749431.315000 197 28
0 1704749431.349000 200 34
0 1704749431.383000 197 37
0 1704749431.416000 197 39
0 1704749431.450000 199 34
0 1704749431.483000 198 36
0 1704749431.517000 200 38
0 1704749431.551000 200 40
0 1704749431.584000 196 40
0 1704749431.617000 197 38
0 1704749431.651000 197 38
0 1704749431.684000 198 37
0 1704749431.718000 200 34
0 1704749431.751000 196 32
0 1704749431.785000 197 29
0 1704749431.818000 197 26
0 1704749431.852000 199 24
0 1704749431.885000 200 23
0 1704749431.919000 199 23
0 1704749431.953000 197 24
0 1704749431.986000 198 24
0 1704749432.020000 194 23
0 1704749432.053000 193 22
0 1704749432.087000 196 21
0 1704749432.120000 195 18
0 1704749432.154000 196 11
0 1704749432.187000 193 8
0 1704749432.221000 190 5
0 1704749432.254000 190 3
0 1704749432.288000 191 7
0 1704749432.321000 190 1
0 1704749432.355000 192 0
0 1704749432.388000 192 3
0 1704749432.422000 192 1
0 1704749432.455000 193 0
0 1704749432.489000 193 1
0 1704749432.523000 195 0
0 1704749432.556000 196 0
0 1704749432.590000 197 0
0 1704749432.623000 197 1
0 1704749432.657000 193 0
0 1704749432.690000 191 0
0 1704749432.724000 193 2
0 1704749432.757000 193 0
0 1704749432.791000 191 0
0 1704749432.824000 187 2
0 1704749432.858000 188 3
0 1704749432.891000 187 0
0 1704749432.925000 187 3
0 1704749432.958000 187 7
0 1704749432.992000 187 6
0 1704749433.025000 186 9
0 1704749433.059000 188 12
0 1704749433.093000 189 15
0 1704749433.126000 190 17
0 1704749433.160000 192 19
0 1704749433.193000 198 22
0 1704749433.227000 200 20
0 1704749433.260000 197 20
0 1704749433.294000 197 21
0 1704749433.327000 196 21
0 1704749433.361000 200 24
0 1704749433.394000 200 24
0 1704749433.428000 199 25
0 1704749433.461000 200 24
0 1704749433.495000 200 28
0 1704749433.528000 199 23
0 1704749433.562000 196 23
0 1704749433.595000 197 28
0 1704749433.629000 198 30
0 1704749433.663000 199 29
0 1704749433.696000 199 29
0 1704749433.730000 200 28
0 1704749433.763000 198 29
0 1704749433.797000 194 30
0 1704749433.830000 196 29
0 1704749433.864000 196 29
0 1704749433.897000 200 31
0 1704749433.931000 197 29
0 1704749433.964000 198 30
0 1704749433.998000 200 29
0 1704749434.031000 200 30
0 1704749434.065000 198 29
0 1704749434.098000 198 28
0 1704749434.132000 197 30
0 1704749434.165000 196 31
0 1704749434.199000 189 31
0 1704749434.233000 193 34
0 1704749434.266000 197 32
0 1704749434.300000 198 37
0 1704749434.332000 197 38
0 1704749434.367000 198 35
0 1704749434.400000 199 36
0 1704749434.434000 197 37
0 1704749434.467000 195 38
0 1704749434.501000 196 40
0 1704749434.534000 195 40
0 1704749434.568000 193 37
0 1704749434.601000 195 40
0 1704749434.635000 197 38
0 1704749434.668000 197 38
0 1704749434.702000 199 36
0 1704749434.735000 199 41
0 1704749434.769000 200 39
0 1704749434.803000 198 37
0 1704749434.836000 197 37
0 1704749434.870000 199 38
0 1704749434.902000 196 37
0 1704749434.937000 197 38
0 1704749434.970000 196 38
0 1704749435.004000 194 40
0 1704749435.037000 196 45
0 1704749435.071000 196 43
0 1704749435.104000 198 43
0 1704749435.138000 200 44
0 1704749435.171000 198 41
0 1704749435.205000 193 37
0 1704749435.238000 192 38
0 1704749435.272000 188 38
0 1704749435.305000 190 35
0 1704749435.339000 191 37
0 1704749435.373000 192 41
0 1704749435.406000 192 43
0 1704749435.440000 192 43
0 1704749435.473000 196 39
0 1704749435.507000 195 36
0 1704749435.541000 196 38
0 1704749435.574000 200 39
0 1704749435.607000 198 37
0 1704749435.641000 200 34
0 1704749435.674000 196 32
0 1704749435.708000 196 28
0 1704749435.741000 197 29
0 1704749435.775000 196 30
0 1704749435.808000 194 32
0 1704749435.842000 194 32
0 1704749435.875000 195 30
0 1704749435.909000 194 29
0 1704749435.942000 196 30
0 1704749435.976000 195 31
0 1704749436.010000 195 33
0 1704749436.043000 198 31
0 1704749436.077000 197 30
0 1704749436.111000 196 26
0 1704749436.144000 200 23
0 1704749436.177000 199 28
0 1704749436.211000 199 25
0 1704749436.244000 200 28
0 1704749436.278000 200 28
0 1704749436.311000 199 25
0 1704749436.345000 200 25
0 1704749436.378000 199 18
0 1704749436.412000 200 18
0 1704749436.445000 200 19
0 1704749436.479000 198 20
0 1704749436.512000 196 21
0 1704749436.546000 194 17
0 1704749436.580000 194 15
0 1704749436.613000 194 14
0 1704749436.647000 195 15
0 1704749436.681000 193 14
0 1704749436.714000 187 15
0 1704749436.747000 191 16
0 1704749436.781000 193 15
0 1704749436.814000 195 15
0 1704749436.848000 190 17
0 1704749436.881000 189 17
0 1704749436.915000 188 20
0 1704749436.948000 189 18
0 1704749436.982000 193 15
0 1704749437.015000 192 15
0 1704749437.049000 192 13
0 1704749437.083000 189 11
0 1704749437.116000 188 11
0 1704749437.150000 185 11
0 1704749437.183000 185 12
0 1704749437.217000 185 10
0 1704749437.250000 184 6
0 1704749437.284000 185 10
0 1704749437.317000 188 8
0 1704749437.351000 188 12
0 1704749437.384000 192 12
0 1704749437.418000 192 12
0 1704749437.451000 182 11
0 1704749437.485000 182 9
0 1704749437.518000 180 11
0 1704749437.552000 180 9
0 1704749437.585000 178 9
0 1704749437.619000 178 9
0 1704749437.653000 178 8
0 1704749437.686000 178 8
0 1704749437.720000 178 13
0 1704749437.753000 179 13
0 1704749437.787000 180 8
0 1704749437.820000 181 12
0 1704749437.854000 181 12
0 1704749437.887000 177 15
0 1704749437.921000 176 14
0 1704749437.954000 175 14
0 1704749437.988000 175 14
0 1704749438.021000 175 17
0 1704749438.055000 174 15
0 1704749438.088000 176 18
0 1704749438.122000 175 18
0 1704749438.155000 175 19
0 1704749438.189000 177 19
0 1704749438.223000 177 17
0 1704749438.256000 172 18
0 1704749438.290000 174 13
0 1704749438.323000 175 18
0 1704749438.357000 173 19
0 1704749438.390000 174 22
0 1704749438.424000 172 22
0 1704749438.457000 173 22
0 1704749438.491000 172 22
0 1704749438.524000 172 18
0 1704749438.558000 171 17
0 1704749438.591000 171 14
0 1704749438.625000 170 12
0 1704749438.658000 171 13
0 1704749438.692000 171 20
0 1704749438.725000 170 17
0 1704749438.759000 172 17
0 1704749438.793000 172 16
0 1704749438.826000 173 14
0 1704749438.860000 171 12
0 1704749438.892000 168 13
0 1704749438.927000 167 14
0 1704749438.960000 168 9
0 1704749438.994000 168 6
0 1704749439.027000 167 9
0 1704749439.061000 168 11
0 1704749439.094000 170 14
0 1704749439.128000 170 14
0 1704749439.161000 173 14
0 1704749439.195000 167 12
0 1704749439.228000 167 10
0 1704749439.262000 166 7
0 1704749439.295000 165 7
0 1704749439.329000 167 7
0 1704749439.363000 169 8
0 1704749439.396000 167 7
0 1704749439.430000 170 4
0 1704749439.462000 168 10
0 1704749439.497000 168 14
0 1704749439.530000 169 14
0 1704749439.564000 175 12
0 1704749439.597000 175 6
0 1704749439.631000 172 0
0 1704749439.664000 170 0
0 1704749439.698000 166 0
0 1704749439.731000 164 4
0 1704749439.765000 164 3
0 1704749439.798000 166 4
0 1704749439.832000 166 7
0 1704749439.865000 165 7
0 1704749439.899000 164 3
0 1704749439.933000 164 6
0 1704749439.966000 166 5
0 1704749440.000000 165 1
0 1704749440.033000 166 0
0 1704749440.067000 171 0
0 1704749440.100000 175 1
0 1704749440.134000 175 0
0 1704749440.167000 171 1
0 1704749440.201000 173 3
0 1704749440.234000 173 5
0 1704749440.268000 172 9
0 1704749440.301000 171 10
0 1704749440.335000 170 9
0 1704749440.368000 170 8
0 1704749440.402000 170 8
0 1704749440.436000 170 10
0 1704749440.469000 171 9
0 1704749440.503000 166 8
0 1704749440.536000 166 7
0 1704749440.570000 165 7
0 1704749440.604000 164 4
0 1704749440.637000 160 4
0 1704749440.670000 162 6
0 1704749440.704000 161 5
0 1704749440.737000 161 10
0 1704749440.771000 159 9
0 1704749440.804000 159 11
0 1704749440.838000 158 9
0 1704749440.871000 158 10
0 1704749440.905000 158 13
0 1704749440.938000 159 14
0 1704749440.972000 154 12
0 1704749441.005000 155 8
0 1704749441.039000 155 8
0 1704749441.073000 158 9
0 1704749441.106000 157 11
0 1704749441.140000 159 12
0 1704749441.174000 159 13
0 1704749441.207000 157 10
0 1704749441.240000 158 12
0 1704749441.274000 161 14
0 1704749441.307000 161 14
0 1704749441.341000 158 13
0 1704749441.374000 157 13
0 1704749441.408000 156 14
0 1704749441.441000 156 12
0 1704749441.475000 162 12
0 1704749441.508000 164 13
0 1704749441.542000 163 14
0 1704749441.576000 163 13
0 1704749441.609000 161 14
0 1704749441.643000 162 8
0 1704749441.676000 162 10
0 1704749441.710000 162 11
0 1704749441.743000 161 10
0 1704749441.777000 160 10
0 1704749441.810000 161 7
0 1704749441.844000 160 8
0 1704749441.877000 161 11
0 1704749441.911000 163 6
0 1704749441.944000 168 7
0 1704749441.978000 170 7
0 1704749442.011000 172 12
0 1704749442.045000 171 13
0 1704749442.078000 173 11
0 1704749442.112000 172 12
0 1704749442.145000 175 13
0 1704749442.179000 178 10
0 1704749442.213000 177 9
0 1704749442.246000 179 12
0 1704749442.280000 179 10
0 1704749442.313000 178 9
0 1704749442.347000 186 8
0 1704749442.380000 185 6
0 1704749442.414000 185 10
0 1704749442.447000 185 5
0 1704749442.481000 186 7
0 1704749442.514000 186 6
0 1704749442.548000 186 6
0 1704749442.581000 188 2
0 1704749442.615000 188 3
0 1704749442.648000 190 4
0 1704749442.682000 193 4
0 1704749442.715000 193 1
0 1704749442.749000 190 1
0 1704749442.783000 187 3
0 1704749442.816000 191 5
0 1704749442.850000 193 9
0 1704749442.883000 196 8
0 1704749442.917000 193 9
0 1704749442.950000 194 9
0 1704749442.984000 193 10
0 1704749443.017000 196 10
0 1704749443.051000 194 11
0 1704749443.084000 193 15
0 1704749443.118000 193 13
0 1704749443.151000 193 17
0 1704749443.185000 194 19
0 1704749443.218000 191 18
0 1704749443.252000 191 19
0 1704749443.286000 193 20
0 1704749443.319000 193 21
0 1704749443.353000 189 24
0 1704749443.386000 188 26
0 1704749443.420000 191 26
0 1704749443.453000 191 27
0 1704749443.487000 185 28
0 1704749443.520000 188 31
0 1704749443.554000 186 30
0 1704749443.587000 188 30
0 1704749443.621000 188 31
0 1704749443.654000 185 33
0 1704749443.688000 185 29
0 1704749443.721000 183 25
0 1704749443.755000 182 23
0 1704749443.788000 182 22
0 1704749443.822000 184 19
0 1704749443.856000 184 21
0 1704749443.889000 184 20
0 1704749443.923000 182 20
0 1704749443.956000 184 22
0 1704749443.990000 183 22
0 1704749444.023000 185 23
0 1704749444.057000 188 24
0 1704749444.090000 189 24
0 1704749444.124000 187 26
0 1704749444.157000 190 26
0 1704749444.191000 190 31
0 1704749444.224000 188 33
0 1704749444.258000 191 33
0 1704749444.291000 193 33
0 1704749444.325000 191 34
0 1704749444.358000 195 35
0 1704749444.392000 198 34
0 1704749444.426000 198 34
0 1704749444.459000 198 38
0 1704749444.493000 198 39
0 1704749444.526000 196 38
0 1704749444.560000 197 41
0 1704749444.593000 197 41
0 1704749444.627000 197 40
0 1704749444.660000 198 38
0 1704749444.694000 198 39
0 1704749444.727000 196 42
0 1704749444.761000 194 42
0 1704749444.794000 193 45
0 1704749444.828000 193 48
0 1704749444.861000 190 53
0 1704749444.895000 190 49
0 1704749444.928000 192 50
0 1704749444.962000 195 50
0 1704749444.996000 196 49
0 1704749445.029000 200 50
0 1704749445.063000 199 53
0 1704749445.096000 197 52
0 1704749445.130000 200 54
0 1704749445.163000 200 53
0 1704749445.197000 199 55
0 1704749445.230000 198 55
0 1704749445.264000 198 55
0 1704749445.297000 200 54
0 1704749445.331000 200 57
0 1704749445.364000 198 56
0 1704749445.398000 197 61
0 1704749445.431000 193 60
0 1704749445.465000 190 62
0 1704749445.498000 190 62
0 1704749445.532000 190 59
0 1704749445.565000 195 57
0 1704749445.599000 195 57
0 1704749445.633000 198 59
0 1704749445.666000 195 58
0 1704749445.700000 195 55
0 1704749445.733000 193 55
0 1704749445.767000 193 56
0 1704749445.800000 191 56
0 1704749445.834000 190 60
0 1704749445.867000 188 60
0 1704749445.901000 188 59
0 1704749445.934000 188 55
0 1704749445.968000 187 55
0 1704749446.001000 188 56
0 1704749446.035000 186 52
0 1704749446.068000 186 49
0 1704749446.102000 184 49
0 1704749446.136000 185 47
0 1704749446.169000 185 48
0 1704749446.203000 185 48
0 1704749446.236000 184 49
0 1704749446.270000 182 49
0 1704749446.303000 182 53
0 1704749446.337000 187 52
0 1704749446.370000 185 54
0 1704749446.404000 187 57
0 1704749446.437000 186 56
0 1704749446.471000 190 58
0 1704749446.504000 188 59
0 1704749446.538000 190 61
0 1704749446.571000 186 59
0 1704749446.605000 182 58
0 1704749446.638000 182 59
0 1704749446.672000 182 59
0 1704749446.705000 184 63
0 1704749446.739000 181 63
0 1704749446.773000 183 61
0 1704749446.806000 183 57
0 1704749446.840000 176 55
0 1704749446.873000 174 55
0 1704749446.907000 174 56
0 1704749446.940000 173 51
0 1704749446.974000 175 49
0 1704749447.007000 176 51
0 1704749447.041000 176 52
0 1704749447.074000 175 51
0 1704749447.108000 177 53
0 1704749447.141000 177 54
0 1704749447.175000 179 55
0 1704749447.208000 176 51
0 1704749447.242000 175 49
0 1704749447.276000 175 49
0 1704749447.309000 175 53
0 1704749447.343000 173 54
0 1704749447.376000 175 54
0 1704749447.410000 174 53
0 1704749447.443000 176 50
0 1704749447.477000 177 50
0 1704749447.510000 173 52
0 1704749447.544000 175 50
0 1704749447.577000 173 50
0 1704749447.611000 174 52
0 1704749447.644000 176 49
0 1704749447.678000 180 50
0 1704749447.711000 177 50
0 1704749447.745000 179 49
0 1704749447.778000 177 49
0 1704749447.812000 175 54
0 1704749447.845000 175 56
0 1704749447.879000 175 57
0 1704749447.912000 176 57
0 1704749447.946000 176 60
0 1704749447.980000 178 62
0 1704749448.013000 178 64
0 1704749448.047000 179 64
0 1704749448.080000 177 64
0 1704749448.114000 176 65
0 1704749448.147000 171 62
0 1704749448.181000 173 62
0 1704749448.214000 172 61
0 1704749448.248000 172 60
0 1704749448.281000 174 57
0 1704749448.315000 174 51
0 1704749448.348000 173 51
0 1704749448.382000 172 49
0 1704749448.416000 173 46
0 1704749448.449000 172 46
0 1704749448.483000 170 46
0 1704749448.516000 170 49
0 1704749448.550000 165 49
0 1704749448.584000 164 49
0 1704749448.617000 164 48
0 1704749448.650000 162 47
0 1704749448.684000 164 49
0 1704749448.717000 162 48
0 1704749448.751000 168 47
0 1704749448.784000 168 47
0 1704749448.818000 166 47
0 1704749448.851000 163 45
0 1704749448.885000 157 51
0 1704749448.918000 162 51
0 1704749448.952000 162 52
0 1704749448.985000 161 49
0 1704749449.019000 159 51
0 1704749449.053000 159 51
0 1704749449.086000 157 51
0 1704749449.120000 160 51
0 1704749449.154000 163 56
0 1704749449.187000 163 54
0 1704749449.220000 160 57
0 1704749449.254000 159 56
0 1704749449.287000 156 56
0 1704749449.321000 156 58
0 1704749449.354000 153 59
0 1704749449.388000 148 64
0 1704749449.421000 147 64
0 1704749449.455000 147 58
0 1704749449.488000 150 58
0 1704749449.522000 147 58
0 1704749449.555000 145 56
0 1704749449.589000 144 58
0 1704749449.623000 139 58
0 1704749449.656000 135 59
0 1704749449.690000 139 56
0 1704749449.724000 138 56
0 1704749449.757000 144 55
0 1704749449.791000 141 55
0 1704749449.824000 141 59
0 1704749449.857000 142 61
0 1704749449.891000 143 61
0 1704749449.924000 144 56
0 1704749449.958000 146 59
0 1704749449.991000 150 60
0 1704749450.025000 150 61
0 1704749450.058000 148 58
0 1704749450.092000 147 59
0 1704749450.125000 146 56
0 1704749450.159000 148 57
0 1704749450.193000 150 57
0 1704749450.226000 156 58
0 1704749450.260000 149 56
0 1704749450.293000 150 55
0 1704749450.327000 149 51
0 1704749450.360000 149 50
0 1704749450.394000 147 49
0 1704749450.427000 147 49
0 1704749450.461000 146 50
0 1704749450.494000 148 49
0 1704749450.528000 148 43
0 1704749450.561000 152 47
0 1704749450.595000 158 46
0 1704749450.628000 154 45
0 1704749450.662000 152 44
0 1704749450.696000 154 44
0 1704749450.729000 156 46
0 1704749450.763000 160 49
0 1704749450.796000 156 49
0 1704749450.830000 155 48
0 1704749450.863000 153 45
0 1704749450.897000 155 48
0 1704749450.930000 153 45
0 1704749450.964000 152 40
0 1704749450.997000 152 39
0 1704749451.031000 149 37
0 1704749451.064000 152 36
0 1704749451.098000 151 36
0 1704749451.131000 148 32
0 1704749451.165000 150 33
0 1704749451.198000 147 33
0 1704749451.232000 149 35
0 1704749451.265000 151 34
0 1704749451.299000 149 33
0 1704749451.333000 149 31
0 1704749451.366000 145 31
0 1704749451.400000 139 33
0 1704749451.433000 141 35
0 1704749451.467000 139 31
0 1704749451.500000 140 33
0 1704749451.534000 137 35
0 1704749451.567000 139 35
0 1704749451.601000 140 33
0 1704749451.634000 141 35
0 1704749451.668000 138 38
0 1704749451.701000 137 39
0 1704749451.735000 135 43
0 1704749451.768000 136 38
0 1704749451.802000 137 39
0 1704749451.836000 133 38
0 1704749451.869000 134 36
0 1704749451.903000 134 36
0 1704749451.936000 132 33
0 1704749451.970000 129 31
0 1704749452.004000 127 33
0 1704749452.037000 130 32
0 1704749452.070000 124 30
0 1704749452.104000 124 30
0 1704749452.137000 122 32
0 1704749452.171000 121 30
0 1704749452.204000 121 29
0 1704749452.238000 124 31
0 1704749452.271000 126 33
0 1704749452.305000 125 36
0 1704749452.338000 126 35
0 1704749452.372000 128 34
0 1704749452.405000 127 36
0 1704749452.439000 126 39
0 1704749452.473000 125 35
0 1704749452.506000 123 35
0 1704749452.540000 124 35
0 1704749452.573000 125 33
0 1704749452.607000 128 35
0 1704749452.640000 129 35
0 1704749452.674000 131 32
0 1704749452.707000 134 32
0 1704749452.741000 131 34
0 1704749452.774000 128 35
0 1704749452.808000 127 36
0 1704749452.841000 130 37
0 1704749452.875000 137 37
0 1704749452.908000 135 37
0 1704749452.942000 135 34
0 1704749452.975000 135 30
0 1704749453.009000 136 31
0 1704749453.043000 134 28
0 1704749453.076000 131 28
0 1704749453.110000 132 26
0 1704749453.144000 130 26
0 1704749453.177000 133 25
0 1704749453.210000 130 29
0 1704749453.244000 132 27
0 1704749453.277000 135 25
0 1704749453.311000 135 25
0 1704749453.344000 138 28
0 1704749453.378000 139 33
0 1704749453.411000 131 31
0 1704749453.445000 131 35
0 1704749453.478000 131 38
0 1704749453.512000 129 39
0 1704749453.546000 128 37
0 1704749453.579000 129 34
0 1704749453.613000 130 33
0 1704749453.646000 132 39
0 1704749453.680000 133 38
0 1704749453.713000 133 36
0 1704749453.747000 136 37
0 1704749453.780000 134 37
0 1704749453.814000 137 36
0 1704749453.847000 135 35
0 1704749453.881000 134 33
0 1704749453.914000 134 33
0 1704749453.948000 137 35
0 1704749453.981000 137 35
0 1704749454.015000 138 39
0 1704749454.048000 139 37
0 1704749454.082000 139 37
0 1704749454.116000 139 38
0 1704749454.149000 138 40
0 1704749454.183000 139 41
0 1704749454.216000 137 41
0 1704749454.250000 141 41
0 1704749454.283000 140 43
0 1704749454.317000 143 45
0 1704749454.350000 143 41
0 1704749454.384000 142 41
0 1704749454.417000 139 43
0 1704749454.451000 140 43
0 1704749454.484000 143 43
0 1704749454.518000 143 45
0 1704749454.551000 140 44
0 1704749454.585000 143 46
0 1704749454.618000 142 48
0 1704749454.652000 148 49
0 1704749454.685000 143 50
0 1704749454.719000 141 47
0 1704749454.753000 143 49
0 1704749454.786000 140 49
0 1704749454.820000 144 50
0 1704749454.853000 143 48
0 1704749454.887000 143 48
0 1704749454.920000 144 45
0 1704749454.954000 144 47
0 1704749454.987000 148 46
0 1704749455.021000 147 45
0 1704749455.054000 144 46
0 1704749455.088000 146 53
0 1704749455.121000 145 50
0 1704749455.155000 143 51
0 1704749455.188000 140 50
0 1704749455.222000 139 53
0 1704749455.256000 140 55
0 1704749455.289000 142 57
0 1704749455.323000 144 57
0 1704749455.356000 142 54
0 1704749455.390000 142 56
0 1704749455.423000 141 55
0 1704749455.457000 138 59
0 1704749455.490000 138 60
0 1704749455.524000 141 57
0 1704749455.557000 139 57
0 1704749455.591000 140 53
0 1704749455.624000 137 55
0 1704749455.658000 139 53
0 1704749455.691000 139 52
0 1704749455.725000 139 53
0 1704749455.758000 138 50
0 1704749455.792000 141 51
0 1704749455.826000 143 53
0 1704749455.859000 146 55
0 1704749455.893000 147 52
0 1704749455.926000 148 52
0 1704749455.960000 151 49
0 1704749455.993000 152 49
0 1704749456.027000 152 49
0 1704749456.060000 152 54
0 1704749456.094000 148 53
0 1704749456.127000 144 54
0 1704749456.161000 140 56
0 1704749456.194000 139 56
0 1704749456.228000 140 56
0 1704749456.261000 140 53
0 1704749456.295000 140 55
0 1704749456.328000 136 60
0 1704749456.362000 136 63
0 1704749456.395000 137 61
0 1704749456.429000 140 62
0 1704749456.463000 141 63
0 1704749456.496000 145 61
0 1704749456.530000 148 65
0 1704749456.563000 150 63
0 1704749456.597000 149 66
0 1704749456.630000 148 65
0 1704749456.664000 146 64
0 1704749456.697000 146 66
0 1704749456.731000 146 66
0 1704749456.764000 149 67
0 1704749456.798000 149 66
0 1704749456.831000 151 64
0 1704749456.865000 150 66
0 1704749456.898000 144 68
0 1704749456.932000 147 67
0 1704749456.965000 147 68
0 1704749456.999000 143 69
0 1704749457.033000 142 67
0 1704749457.066000 143 66
0 1704749457.100000 142 65
0 1704749457.133000 143 66
0 1704749457.167000 140 70
0 1704749457.200000 142 73
0 1704749457.234000 146 73
0 1704749457.267000 144 76
0 1704749457.301000 141 76
0 1704749457.334000 142 76
0 1704749457.368000 142 76
0 1704749457.401000 143 74
0 1704749457.435000 142 75
0 1704749457.468000 142 74
0 1704749457.502000 138 76
0 1704749457.536000 134 77
0 1704749457.569000 133 74
0 1704749457.603000 138 75
0 1704749457.636000 138 75
0 1704749457.670000 138 73
0 1704749457.703000 138 75
0 1704749457.737000 137 73
0 1704749457.770000 132 74
0 1704749457.804000 131 71
0 1704749457.837000 133 71
0 1704749457.871000 127 71
0 1704749457.904000 125 68
0 1704749457.938000 124 68
0 1704749457.971000 123 67
0 1704749458.005000 123 68
0 1704749458.038000 124 68
0 1704749458.072000 124 69
0 1704749458.105000 124 68
0 1704749458.139000 124 68
0 1704749458.173000 124 70
0 1704749458.206000 127 66
0 1704749458.240000 124 64
0 1704749458.273000 124 65
0 1704749458.307000 128 66
0 1704749458.340000 132 68
0 1704749458.374000 135 64
0 1704749458.407000 138 66
0 1704749458.441000 135 70
0 1704749458.474000 135 72
0 1704749458.508000 137 74
0 1704749458.541000 137 74
0 1704749458.575000 139 75
0 1704749458.608000 140 72
0 1704749458.642000 142 70
0 1704749458.676000 139 63
0 1704749458.709000 138 69
0 1704749458.743000 138 73
0 1704749458.776000 140 71
0 1704749458.810000 144 72
0 1704749458.843000 147 71
0 1704749458.877000 145 66
0 1704749458.910000 150 62
0 1704749458.944000 149 60
0 1704749458.977000 152 56
0 1704749459.011000 149 54
0 1704749459.044000 149 52
0 1704749459.078000 148 49
0 1704749459.111000 146 50
0 1704749459.145000 150 52
0 1704749459.178000 149 46
0 1704749459.212000 149 47
0 1704749459.245000 148 43
0 1704749459.279000 150 40
0 1704749459.313000 155 39
0 1704749459.346000 158 35
0 1704749459.380000 158 38
0 1704749459.414000 158 39
0 1704749459.447000 158 37
0 1704749459.480000 159 36
0 1704749459.514000 161 33
0 1704749459.547000 163 37
0 1704749459.581000 158 36
0 1704749459.614000 158 38
0 1704749459.648000 159 39
0 1704749459.681000 160 37
0 1704749459.715000 158 37
0 1704749459.748000 158 34
0 1704749459.782000 159 38
0 1704749459.816000 165 38
0 1704749459.849000 165 40
0 1704749459.883000 162 44
0 1704749459.916000 160 46
0 1704749459.950000 164 46
0 1704749459.984000 163 46
0 1704749460.017000 166 46
0 1704749460.050000 168 45
0 1704749460.084000 167 47
0 1704749460.117000 165 51
0 1704749460.151000 166 49
0 1704749460.184000 167 50
0 1704749460.218000 171 48
0 1704749460.251000 172 46
0 1704749460.285000 169 46
0 1704749460.318000 172 49
0 1704749460.352000 173 48
0 1704749460.386000 167 46
0 1704749460.419000 167 44
0 1704749460.453000 166 42
0 1704749460.486000 167 42
0 1704749460.520000 168 40
0 1704749460.553000 164 41
0 1704749460.587000 167 41
0 1704749460.620000 169 38
0 1704749460.654000 168 37
0 1704749460.687000 169 37
0 1704749460.721000 171 37
0 1704749460.754000 175 41
0 1704749460.788000 175 44
0 1704749460.821000 173 43
0 1704749460.855000 172 40
0 1704749460.888000 171 39
0 1704749460.922000 170 36
0 1704749460.955000 169 35
0 1704749460.989000 168 39
0 1704749461.023000 168 39
0 1704749461.056000 169 40
0 1704749461.090000 172 38
0 1704749461.123000 171 38
0 1704749461.157000 171 38
0 1704749461.190000 170 37
0 1704749461.224000 174 39
0 1704749461.257000 174 40
0 1704749461.291000 174 38
0 1704749461.324000 173 41
0 1704749461.358000 174 44
0 1704749461.391000 172 43
0 1704749461.425000 173 45
0 1704749461.458000 174 42
0 1704749461.492000 173 42
0 1704749461.526000 171 41
0 1704749461.559000 171 41
0 1704749461.593000 174 43
0 1704749461.626000 171 40
0 1704749461.660000 169 41
0 1704749461.694000 171 43
0 1704749461.727000 174 41
0 1704749461.760000 174 43
0 1704749461.794000 175 38
0 1704749461.827000 174 35
0 1704749461.861000 172 37
0 1704749461.894000 170 34
0 1704749461.928000 169 32
0 1704749461.961000 171 34
0 1704749461.995000 166 36
0 1704749462.028000 167 37
0 1704749462.062000 168 38
0 1704749462.096000 165 36
0 1704749462.129000 168 39
0 1704749462.163000 168 34
0 1704749462.196000 169 35
0 1704749462.230000 169 37
0 1704749462.263000 171 38
0 1704749462.297000 175 38
0 1704749462.330000 176 35
0 1704749462.364000 174 36
0 1704749462.397000 175 37
0 1704749462.431000 176 36
0 1704749462.464000 175 38
0 1704749462.498000 172 34
0 1704749462.531000 174 35
0 1704749462.565000 174 31
0 1704749462.598000 179 29
0 1704749462.632000 177 30
0 1704749462.666000 176 29
0 1704749462.699000 177 31
0 1704749462.733000 177 29
0 1704749462.766000 175 31
0 1704749462.800000 175 35
0 1704749462.833000 174 34
0 1704749462.867000 175 33
0 1704749462.900000 175 33
0 1704749462.934000 177 29
0 1704749462.967000 181 30
0 1704749463.001000 180 28
0 1704749463.034000 177 24
0 1704749463.068000 176 23
0 1704749463.101000 175 26
0 1704749463.135000 177 27
0 1704749463.168000 173 27
0 1704749463.202000 174 23
0 1704749463.236000 173 23
0 1704749463.269000 172 24
0 1704749463.303000 175 25
0 1704749463.336000 172 25
0 1704749463.370000 172 26
0 1704749463.403000 172 21
0 1704749463.437000 171 23
0 1704749463.470000 171 26
0 1704749463.504000 168 22
0 1704749463.537000 164 20
0 1704749463.571000 163 22
0 1704749463.604000 163 18
0 1704749463.638000 160 18
0 1704749463.671000 160 15
0 1704749463.705000 161 14
0 1704749463.738000 158 14
0 1704749463.772000 157 16
0 1704749463.805000 158 16
0 1704749463.839000 161 16
0 1704749463.873000 160 12
0 1704749463.906000 158 12
0 1704749463.940000 161 12
0 1704749463.973000 161 12
0 1704749464.007000 163 13
0 1704749464.040000 161 15
0 1704749464.074000 166 16
0 1704749464.107000 167 15
0 1704749464.141000 166 13
0 1704749464.174000 165 11
0 1704749464.208000 161 9
0 1704749464.241000 160 8
0 1704749464.275000 159 6
0 1704749464.308000 162 6
0 1704749464.342000 164 2
0 1704749464.376000 161 0
0 1704749464.409000 162 3
0 1704749464.443000 161 3
0 1704749464.476000 160 6
0 1704749464.510000 160 5
0 1704749464.543000 156 2
0 1704749464.577000 158 2
0 1704749464.610000 157 4
0 1704749464.644000 157 5
0 1704749464.677000 157 5
0 1704749464.711000 158 8
0 1704749464.744000 159 8
0 1704749464.778000 159 10
0 1704749464.811000 159 13
0 1704749464.845000 158 11
0 1704749464.878000 157 11
0 1704749464.912000 155 15
0 1704749464.945000 155 19
0 1704749464.979000 152 19
0 1704749465.013000 155 25
0 1704749465.046000 151 27
0 1704749465.080000 148 29
0 1704749465.113000 144 34
0 1704749465.147000 146 34
0 1704749465.180000 146 35
0 1704749465.214000 147 34
0 1704749465.247000 146 34
0 1704749465.281000 147 37
0 1704749465.314000 143 36
0 1704749465.348000 143 35
0 1704749465.382000 142 41
0 1704749465.415000 141 39
0 1704749465.448000 145 38
0 1704749465.482000 142 37
0 1704749465.515000 139 37
0 1704749465.549000 141 35
0 1704749465.583000 139 36
0 1704749465.617000 140 39
0 1704749465.650000 135 40
0 1704749465.683000 137 40
0 1704749465.717000 138 44
0 1704749465.750000 137 47
0 1704749465.784000 139 47
0 1704749465.817000 140 45
0 1704749465.851000 137 43
0 1704749465.884000 136 41
0 1704749465.918000 136 41
0 1704749465.951000 134 43
0 1704749465.985000 136 43
0 1704749466.018000 136 42
0 1704749466.052000 137 42
0 1704749466.086000 138 40
0 1704749466.119000 137 42
0 1704749466.153000 137 44
0 1704749466.187000 137 44
0 1704749466.220000 137 39
0 1704749466.253000 136 42
0 1704749466.287000 137 41
0 1704749466.320000 136 40
0 1704749466.354000 137 41
0 1704749466.387000 138 35
0 1704749466.421000 138 33
0 1704749466.454000 137 36
0 1704749466.488000 138 35
0 1704749466.521000 140 38
0 1704749466.555000 139 38
0 1704749466.588000 137 36
0 1704749466.622000 139 33
0 1704749466.655000 141 31
0 1704749466.689000 140 31
0 1704749466.723000 140 30
0 1704749466.756000 138 31
0 1704749466.790000 138 32
0 1704749466.824000 135 33
0 1704749466.857000 137 30
0 1704749466.890000 137 32
0 1704749466.924000 139 32
0 1704749466.957000 137 31
0 1704749466.991000 139 31
0 1704749467.024000 137 28
0 1704749467.058000 132 25
0 1704749467.091000 132 25
0 1704749467.125000 132 25
0 1704749467.158000 131 25
0 1704749467.192000 130 23
0 1704749467.226000 131 24
0 1704749467.259000 132 25
0 1704749467.293000 132 27
0 1704749467.325000 134 30
0 1704749467.360000 133 29
0 1704749467.393000 136 29
0 1704749467.427000 136 28
0 1704749467.460000 137 31
0 1704749467.494000 141 27
0 1704749467.527000 145 25
0 1704749467.561000 148 25
0 1704749467.594000 148 26
0 1704749467.628000 150 28
0 1704749467.661000 153 28
0 1704749467.695000 159 26
0 1704749467.728000 157 26
0 1704749467.762000 159 24
0 1704749467.796000 156 24
0 1704749467.829000 154 24
0 1704749467.863000 156 25
0 1704749467.896000 158 28
0 1704749467.930000 158 28
0 1704749467.963000 158 28
0 1704749467.997000 158 31
0 1704749468.030000 154 32
0 1704749468.064000 151 34
0 1704749468.097000 150 34
0 1704749468.131000 151 35
0 1704749468.164000 152 31
0 1704749468.198000 153 32
0 1704749468.231000 152 34
0 1704749468.265000 154 28
0 1704749468.298000 155 24
0 1704749468.332000 155 22
0 1704749468.366000 151 21
0 1704749468.399000 150 20
0 1704749468.433000 147 18
0 1704749468.466000 144 15
0 1704749468.500000 144 13
0 1704749468.533000 143 15
0 1704749468.567000 143 15
0 1704749468.600000 143 13
0 1704749468.634000 143 10
0 1704749468.667000 143 6
0 1704749468.701000 144 12
0 1704749468.734000 145 7
0 1704749468.768000 144 8
0 1704749468.801000 142 10
0 1704749468.835000 142 10
0 1704749468.868000 142 8
0 1704749468.902000 143 10
0 1704749468.936000 142 10
0 1704749468.969000 143 9
0 1704749469.003000 145 11
0 1704749469.036000 145 13
0 1704749469.070000 142 9
0 1704749469.103000 140 7
0 1704749469.137000 142 7
0 1704749469.170000 145 3
0 1704749469.204000 143 2
0 1704749469.237000 144 0
0 1704749469.271000 144 1
0 1704749469.304000 144 3
0 1704749469.338000 144 3
0 1704749469.371000 146 2
0 1704749469.405000 147 0
0 1704749469.438000 141 0
0 1704749469.472000 135 0
0 1704749469.506000 134 0
0 1704749469.539000 134 1
0 1704749469.573000 134 0
0 1704749469.605000 137 2
0 1704749469.640000 136 4
0 1704749469.673000 136 4
0 1704749469.707000 137 1
0 1704749469.740000 137 1
0 1704749469.774000 140 1
0 1704749469.807000 142 2
0 1704749469.841000 143 2
0 1704749469.874000 142 0
0 1704749469.908000 145 0
0 1704749469.941000 144 1
0 1704749469.975000 146 2
0 1704749470.008000 147 8
0 1704749470.042000 148 6
0 1704749470.076000 147 8
0 1704749470.109000 143 8
0 1704749470.143000 144 8
0 1704749470.175000 142 10
0 1704749470.210000 144 10
0 1704749470.243000 145 12
0 1704749470.277000 140 11
0 1704749470.310000 142 11
0 1704749470.344000 143 7
0 1704749470.377000 141 3
0 1704749470.411000 139 6
0 1704749470.444000 135 6
0 1704749470.478000 136 8
0 1704749470.511000 132 9
0 1704749470.545000 133 7
0 1704749470.579000 133 8
0 1704749470.612000 138 6
0 1704749470.646000 136 5
0 1704749470.679000 131 4
0 1704749470.713000 134 5
0 1704749470.746000 130 3
0 1704749470.780000 128 0
0 1704749470.813000 132 1
0 1704749470.847000 133 1
0 1704749470.880000 130 0
0 1704749470.914000 133 1
0 1704749470.947000 132 4
0 1704749470.981000 130 5
0 1704749471.014000 134 10
0 1704749471.048000 132 10
0 1704749471.081000 133 4
0 1704749471.115000 136 2
0 1704749471.148000 139 3
0 1704749471.182000 138 5
0 1704749471.216000 139 6
0 1704749471.249000 141 7
0 1704749471.283000 145 3
0 1704749471.316000 144 3
0 1704749471.350000 147 3
0 1704749471.384000 146 6
0 1704749471.417000 146 8
0 1704749471.450000 143 6
0 1704749471.484000 145 5
0 1704749471.517000 145 1
0 1704749471.551000 143 0
0 1704749471.584000 146 1
0 1704749471.618000 147 0
0 1704749471.651000 146 0
0 1704749471.685000 146 0
0 1704749471.719000 144 3
0 1704749471.752000 146 2
0 1704749471.786000 148 2
0 1704749471.819000 151 4
0 1704749471.853000 149 9
0 1704749471.886000 149 10
0 1704749471.920000 147 11
0 1704749471.953000 149 12
0 1704749471.987000 150 11
0 1704749472.020000 151 9
0 1704749472.054000 150 7
0 1704749472.087000 150 9
0 1704749472.121000 149 8
0 1704749472.154000 154 9
0 1704749472.188000 154 9
0 1704749472.221000 150 2
0 1704749472.255000 148 2
0 1704749472.288000 154 0
0 1704749472.322000 155 0
0 1704749472.356000 153 0
0 1704749472.389000 154 2
0 1704749472.423000 154 0
0 1704749472.455000 152 1
0 1704749472.490000 156 1
0 1704749472.523000 156 1
0 1704749472.557000 154 0
0 1704749472.590000 153 2
0 1704749472.624000 160 1
0 1704749472.657000 162 1
0 1704749472.691000 160 1
0 1704749472.724000 159 0
0 1704749472.758000 158 0
0 1704749472.791000 158 0
0 1704749472.825000 158 3
0 1704749472.859000 158 7
0 1704749472.892000 160 7
0 1704749472.925000 156 7
0 1704749472.959000 155 8
0 1704749472.993000 158 3
0 1704749473.026000 157 0
0 1704749473.060000 152 0
0 1704749473.093000 152 0
0 1704749473.127000 157 0
0 1704749473.160000 161 0
0 1704749473.194000 163 0
0 1704749473.227000 166 1
0 1704749473.261000 163 0
0 1704749473.294000 161 1
0 1704749473.328000 164 2
0 1704749473.361000 163 4
0 1704749473.395000 162 1
0 1704749473.428000 166 1
0 1704749473.462000 160 1
0 1704749473.496000 155 7
0 1704749473.529000 156 8
0 1704749473.563000 159 11
0 1704749473.597000 153 11
0 1704749473.630000 154 13
0 1704749473.663000 156 14
0 1704749473.697000 157 20
0 1704749473.730000 157 18
0 1704749473.764000 158 13
0 1704749473.797000 158 12
0 1704749473.831000 158 10
0 1704749473.864000 159 9
0 1704749473.898000 162 9
0 1704749473.931000 168 9
0 1704749473.965000 170 9
0 1704749473.998000 165 6
0 1704749474.032000 163 6
0 1704749474.065000 163 8
0 1704749474.099000 163 3
0 1704749474.133000 162 1
0 1704749474.167000 160 1
0 1704749474.200000 158 0
0 1704749474.234000 158 2
0 1704749474.267000 154 3
0 1704749474.300000 156 2
0 1704749474.334000 159 5
0 1704749474.367000 154 5
0 1704749474.401000 152 4
0 1704749474.434000 153 0
0 1704749474.468000 149 0
0 1704749474.501000 149 1
0 1704749474.535000 151 1
0 1704749474.568000 148 1
0 1704749474.602000 147 5
0 1704749474.636000 143 4
0 1704749474.669000 136 3
0 1704749474.703000 135 4
0 1704749474.737000 135 4
0 1704749474.770000 136 0
0 1704749474.803000 136 0
0 1704749474.837000 137 0
0 1704749474.870000 136 1
0 1704749474.904000 136 0
0 1704749474.937000 134 2
0 1704749474.971000 134 0
0 1704749475.004000 138 0
0 1704749475.038000 139 1
0 1704749475.071000 140 3
0 1704749475.105000 140 6
0 1704749475.138000 137 9
0 1704749475.172000 138 8
0 1704749475.206000 136 6
0 1704749475.239000 134 3
0 1704749475.273000 135 8
0 1704749475.305000 133 3
0 1704749475.340000 134 2
0 1704749475.373000 134 3
0 1704749475.407000 134 0
0 1704749475.440000 132 0
0 1704749475.474000 134 3
0 1704749475.507000 137 4
0 1704749475.541000 140 0
0 1704749475.574000 139 0
0 1704749475.608000 139 0
0 1704749475.641000 135 0
0 1704749475.675000 134 0
0 1704749475.709000 136 0
0 1704749475.742000 133 0
0 1704749475.776000 133 0
0 1704749475.809000 136 2
0 1704749475.843000 135 0
0 1704749475.875000 138 0
0 1704749475.910000 139 0
0 1704749475.943000 140 1
0 1704749475.977000 143 5
0 1704749476.010000 143 6
0 1704749476.044000 142 9
0 1704749476.077000 139 11
0 1704749476.111000 140 10
0 1704749476.144000 139 13
0 1704749476.178000 143 14
0 1704749476.211000 146 16
0 1704749476.245000 145 16
0 1704749476.278000 144 16
0 1704749476.312000 143 16
0 1704749476.346000 140 18
0 1704749476.379000 139 18
0 1704749476.413000 137 20
0 1704749476.446000 137 22
0 1704749476.480000 135 22
0 1704749476.514000 134 22
0 1704749476.547000 138 20
0 1704749476.580000 138 20
0 1704749476.614000 139 20
0 1704749476.647000 142 19
0 1704749476.681000 138 19
0 1704749476.714000 137 20
0 1704749476.748000 138 17
0 1704749476.781000 138 13
0 1704749476.815000 140 16
0 1704749476.848000 138 16
0 1704749476.882000 144 17
0 1704749476.916000 145 17
0 1704749476.949000 145 20
0 1704749476.983000 142 19
0 1704749477.017000 141 21
0 1704749477.050000 141 21
0 1704749477.083000 137 20
0 1704749477.117000 139 20
0 1704749477.150000 141 20
0 1704749477.184000 142 18
0 1704749477.217000 140 18
0 1704749477.251000 140 19
0 1704749477.284000 137 16
0 1704749477.318000 136 11
0 1704749477.351000 137 14
0 1704749477.385000 138 14
0 1704749477.419000 138 20
0 1704749477.452000 144 17
0 1704749477.486000 141 18
0 1704749477.519000 137 20
0 1704749477.553000 135 19
0 1704749477.587000 131 15
0 1704749477.620000 132 13
0 1704749477.653000 131 17
0 1704749477.687000 130 18
0 1704749477.720000 132 19
0 1704749477.754000 128 19
0 1704749477.787000 127 22
0 1704749477.821000 129 22
0 1704749477.854000 132 22
0 1704749477.888000 133 19
0 1704749477.921000 133 18
0 1704749477.955000 132 19
0 1704749477.988000 130 20
0 1704749478.022000 131 22
0 1704749478.056000 128 25
0 1704749478.089000 130 24
0 1704749478.123000 129 23
0 1704749478.156000 126 23
0 1704749478.190000 123 21
0 1704749478.223000 121 27
0 1704749478.257000 123 30
0 1704749478.290000 123 30
0 1704749478.324000 124 31
0 1704749478.357000 125 31
0 1704749478.391000 130 30
0 1704749478.424000 129 26
0 1704749478.458000 132 24
0 1704749478.491000 133 24
0 1704749478.525000 137 23
0 1704749478.558000 138 27
0 1704749478.592000 136 29
0 1704749478.626000 136 30
0 1704749478.659000 137 30
0 1704749478.693000 135 31
0 1704749478.727000 139 34
0 1704749478.760000 140 40
0 1704749478.793000 137 42
0 1704749478.827000 141 44
0 1704749478.860000 143 49
0 1704749478.894000 146 47
0 1704749478.927000 144 46
0 1704749478.961000 144 44
0 1704749478.994000 145 43
0 1704749479.028000 146 41
0 1704749479.061000 147 40
0 1704749479.095000 145 40
0 1704749479.128000 148 41
0 1704749479.162000 153 45
0 1704749479.196000 153 45
0 1704749479.229000 153 42
0 1704749479.263000 151 44
0 1704749479.297000 147 45
0 1704749479.330000 144 43
0 1704749479.364000 150 42
0 1704749479.397000 156 41
0 1704749479.430000 159 38
0 1704749479.464000 161 40
0 1704749479.497000 165 43
0 1704749479.531000 169 43
0 1704749479.564000 170 43
0 1704749479.598000 173 42
0 1704749479.631000 173 42
0 1704749479.665000 175 42
0 1704749479.699000 176 42
0 1704749479.732000 175 45
0 1704749479.766000 177 47
0 1704749479.799000 180 47
0 1704749479.833000 182 44
0 1704749479.867000 181 41
0 1704749479.900000 182 41
0 1704749479.933000 183 43
0 1704749479.967000 183 42
0 1704749480.000000 184 39
0 1704749480.034000 183 40
0 1704749480.067000 183 39
0 1704749480.101000 181 37
0 1704749480.134000 179 36
0 1704749480.168000 179 38
0 1704749480.201000 177 42
0 1704749480.235000 176 46
0 1704749480.268000 177 47
0 1704749480.302000 178 45
0 1704749480.336000 176 46
0 1704749480.369000 179 50
0 1704749480.403000 178 50
0 1704749480.436000 179 51
0 1704749480.470000 180 45
0 1704749480.503000 182 44
0 1704749480.537000 183 42
0 1704749480.570000 181 44
0 1704749480.604000 178 44
0 1704749480.637000 179 46
0 1704749480.671000 178 44
0 1704749480.704000 182 43
0 1704749480.738000 181 47
0 1704749480.771000 181 48
0 1704749480.805000 182 53
0 1704749480.839000 182 57
0 1704749480.872000 186 58
0 1704749480.906000 183 60
0 1704749480.939000 182 62
0 1704749480.973000 182 64
0 1704749481.007000 179 60
0 1704749481.040000 182 63
0 1704749481.073000 182 64
0 1704749481.107000 182 66
0 1704749481.140000 180 63
0 1704749481.174000 183 58
0 1704749481.207000 181 65
0 1704749481.241000 177 65
0 1704749481.274000 176 65
0 1704749481.308000 175 64
0 1704749481.341000 174 64
0 1704749481.375000 179 65
0 1704749481.408000 179 67
0 1704749481.442000 178 64
0 1704749481.476000 176 67
0 1704749481.509000 178 71
0 1704749481.543000 177 73
0 1704749481.576000 177 71
0 1704749481.610000 180 70
0 1704749481.643000 179 68
0 1704749481.677000 180 72
0 1704749481.710000 181 72
0 1704749481.744000 187 78
0 1704749481.777000 187 79
0 1704749481.811000 182 80
0 1704749481.844000 185 80
0 1704749481.878000 183 81
0 1704749481.911000 188 80
0 1704749481.945000 189 79
0 1704749481.978000 190 76
0 1704749482.012000 187 76
0 1704749482.046000 187 77
0 1704749482.079000 187 79
0 1704749482.113000 187 77
0 1704749482.146000 188 69
0 1704749482.180000 187 67
0 1704749482.213000 186 64
0 1704749482.247000 187 65
0 1704749482.280000 187 69
0 1704749482.314000 186 69
0 1704749482.347000 187 70
0 1704749482.381000 188 67
0 1704749482.414000 189 67
0 1704749482.448000 189 64
0 1704749482.481000 191 63
0 1704749482.515000 190 63
0 1704749482.549000 189 67
0 1704749482.582000 188 65
0 1704749482.616000 189 65
0 1704749482.649000 191 64
0 1704749482.683000 191 62
0 1704749482.716000 190 58
0 1704749482.750000 191 60
0 1704749482.783000 191 60
0 1704749482.817000 194 60
0 1704749482.850000 193 63
0 1704749482.884000 192 66
0 1704749482.917000 192 71
0 1704749482.951000 192 67
0 1704749482.984000 193 64
0 1704749483.018000 194 65
0 1704749483.051000 195 70
0 1704749483.085000 192 73
0 1704749483.119000 192 73
0 1704749483.152000 191 76
0 1704749483.186000 192 75
0 1704749483.219000 195 75
0 1704749483.253000 196 74
0 1704749483.286000 198 76
0 1704749483.320000 197 76
0 1704749483.353000 197 77
0 1704749483.387000 198 80
0 1704749483.420000 193 82
0 1704749483.454000 191 85
0 1704749483.487000 191 87
0 1704749483.521000 190 87
0 1704749483.554000 191 82
0 1704749483.588000 185 83
0 1704749483.621000 185 80
0 1704749483.655000 184 80
0 1704749483.689000 182 80
0 1704749483.722000 178 79
0 1704749483.756000 178 80
0 1704749483.789000 180 80
0 1704749483.823000 179 83
0 1704749483.856000 177 83
0 1704749483.890000 177 83
0 1704749483.923000 177 85
0 1704749483.957000 182 84
0 1704749483.990000 180 86
0 1704749484.024000 175 89
0 1704749484.057000 175 90
0 1704749484.091000 174 93
0 1704749484.124000 178 89
0 1704749484.158000 182 86
0 1704749484.191000 184 86
0 1704749484.225000 185 86
0 1704749484.259000 182 89
0 1704749484.292000 177 91
0 1704749484.326000 176 92
0 1704749484.359000 176 92
0 1704749484.393000 174 94
0 1704749484.426000 173 101
0 1704749484.460000 178 100
0 1704749484.493000 178 100
0 1704749484.527000 177 101
0 1704749484.560000 176 101
0 1704749484.594000 181 96
0 1704749484.627000 181 98
0 1704749484.661000 180 97
0 1704749484.694000 180 97
0 1704749484.728000 184 96
0 1704749484.761000 188 97
0 1704749484.795000 188 100
0 1704749484.828000 188 102
0 1704749484.862000 185 101
0 1704749484.896000 180 101
0 1704749484.929000 183 102
0 1704749484.963000 180 103
0 1704749484.997000 181 102
0 1704749485.030000 183 104
0 1704749485.064000 186 104
0 1704749485.097000 185 104
0 1704749485.130000 182 104
0 1704749485.164000 185 105
0 1704749485.197000 185 104
0 1704749485.231000 181 103
0 1704749485.264000 181 101
0 1704749485.298000 181 101
0 1704749485.331000 180 99
0 1704749485.365000 180 95
0 1704749485.398000 180 95
0 1704749485.432000 180 97
0 1704749485.465000 176 97
0 1704749485.499000 177 97
0 1704749485.533000 178 100
0 1704749485.567000 177 101
0 1704749485.600000 180 100
0 1704749485.633000 181 100
0 1704749485.667000 178 100
0 1704749485.700000 179 98
0 1704749485.734000 180 96
0 1704749485.767000 180 92
0 1704749485.801000 179 94
0 1704749485.834000 183 89
0 1704749485.868000 182 87
0 1704749485.901000 188 85
0 1704749485.935000 189 89
0 1704749485.969000 190 88
0 1704749486.002000 195 88
0 1704749486.036000 190 86
0 1704749486.069000 188 83
0 1704749486.103000 188 84
0 1704749486.136000 189 86
0 1704749486.170000 190 86
0 1704749486.203000 186 91
0 1704749486.237000 187 91
0 1704749486.270000 187 93
0 1704749486.304000 187 95
0 1704749486.337000 186 96
0 1704749486.371000 187 97
0 1704749486.404000 188 94
0 1704749486.438000 190 94
0 1704749486.471000 190 96
0 1704749486.505000 187 97
0 1704749486.538000 187 98
0 1704749486.572000 187 99
0 1704749486.605000 185 99
0 1704749486.639000 186 100
0 1704749486.673000 183 101
0 1704749486.706000 181 101
0 1704749486.740000 181 100
0 1704749486.773000 182 100
0 1704749486.807000 184 98
0 1704749486.840000 183 99
0 1704749486.874000 181 102
0 1704749486.907000 183 103
0 1704749486.941000 184 102
0 1704749486.974000 185 100
0 1704749487.008000 185 102
0 1704749487.041000 185 100
0 1704749487.075000 185 99
0 1704749487.109000 186 100
0 1704749487.142000 186 105
0 1704749487.176000 188 105
0 1704749487.209000 188 107
0 1704749487.243000 189 106
0 1704749487.276000 186 106
0 1704749487.310000 182 102
0 1704749487.343000 181 101
0 1704749487.377000 183 101
0 1704749487.410000 181 103
0 1704749487.444000 183 102
0 1704749487.477000 182 103
0 1704749487.511000 184 103
0 1704749487.544000 186 104
0 1704749487.578000 192 105
0 1704749487.611000 193 104
0 1704749487.645000 193 105
0 1704749487.679000 192 104
0 1704749487.712000 192 100
0 1704749487.746000 192 104
0 1704749487.779000 193 104
0 1704749487.813000 195 101
0 1704749487.847000 192 105
0 1704749487.880000 191 107
0 1704749487.914000 191 107
0 1704749487.947000 193 102
0 1704749487.980000 194 103
0 1704749488.014000 195 104
0 1704749488.047000 199 107
0 1704749488.081000 197 106
0 1704749488.114000 198 105
0 1704749488.148000 200 106
0 1704749488.181000 199 107
0 1704749488.215000 200 106
0 1704749488.249000 199 107
0 1704749488.282000 198 107
0 1704749488.316000 199 103
0 1704749488.349000 199 100
0 1704749488.383000 197 99
0 1704749488.416000 196 99
0 1704749488.450000 196 98
0 1704749488.483000 196 97
0 1704749488.517000 197 101
0 1704749488.550000 200 98
0 1704749488.584000 200 96
0 1704749488.617000 200 97
0 1704749488.651000 200 98
0 1704749488.684000 200 99
0 1704749488.718000 197 98
0 1704749488.751000 200 96
0 1704749488.785000 200 97
0 1704749488.819000 200 97
0 1704749488.852000 200 97
0 1704749488.886000 200 97
0 1704749488.919000 197 97
0 1704749488.953000 200 93
0 1704749488.986000 197 90
0 1704749489.020000 196 88
0 1704749489.053000 195 85
0 1704749489.087000 200 83
0 1704749489.120000 200 83
0 1704749489.154000 200 88
0 1704749489.187000 195 84
0 1704749489.221000 198 84
0 1704749489.254000 199 84
0 1704749489.288000 199 85
0 1704749489.321000 199 85
0 1704749489.355000 197 84
0 1704749489.389000 197 80
0 1704749489.422000 196 77
0 1704749489.456000 196 80
0 1704749489.489000 197 78
0 1704749489.523000 198 79
0 1704749489.556000 196 80
0 1704749489.590000 199 82
0 1704749489.623000 199 82
0 1704749489.657000 199 83
0 1704749489.690000 196 85
0 1704749489.724000 196 86
0 1704749489.757000 196 88
0 1704749489.791000 193 86
0 1704749489.824000 196 82
0 1704749489.858000 197 80
0 1704749489.891000 195 81
0 1704749489.925000 196 80
0 1704749489.959000 196 77
0 1704749489.992000 195 77
0 1704749490.026000 195 73
0 1704749490.059000 197 69
0 1704749490.093000 194 70
0 1704749490.126000 193 69
0 1704749490.160000 192 69
0 1704749490.193000 190 70
0 1704749490.227000 182 71
0 1704749490.260000 183 71
0 1704749490.294000 183 70
0 1704749490.327000 183 69
0 1704749490.361000 183 69
0 1704749490.394000 182 66
0 1704749490.428000 182 66
0 1704749490.461000 182 68
0 1704749490.495000 183 65
0 1704749490.529000 181 65
0 1704749490.562000 179 68
0 1704749490.596000 177 69
0 1704749490.629000 175 73
0 1704749490.663000 176 72
0 1704749490.696000 179 71
0 1704749490.730000 181 69
0 1704749490.763000 180 67
0 1704749490.797000 183 70
0 1704749490.830000 178 74
0 1704749490.864000 177 74
0 1704749490.897000 176 71
0 1704749490.931000 174 71
0 1704749490.964000 173 70
0 1704749490.998000 173 70
0 1704749491.031000 171 70
0 1704749491.065000 170 67
0 1704749491.099000 165 65
0 1704749491.132000 161 64
0 1704749491.165000 162 63
0 1704749491.199000 162 64
0 1704749491.233000 157 66
0 1704749491.267000 155 61
0 1704749491.300000 156 62
0 1704749491.333000 152 60
0 1704749491.367000 152 55
0 1704749491.400000 157 55
0 1704749491.434000 154 55
0 1704749491.467000 159 56
0 1704749491.501000 158 52
0 1704749491.534000 156 54
0 1704749491.568000 155 53
0 1704749491.601000 160 54
0 1704749491.635000 162 55
0 1704749491.669000 159 54
0 1704749491.702000 156 52
0 1704749491.736000 157 53
0 1704749491.769000 158 53
0 1704749491.803000 159 52
0 1704749491.836000 158 52
0 1704749491.870000 158 52
0 1704749491.903000 159 53
0 1704749491.937000 164 47
0 1704749491.970000 165 50
0 1704749492.004000 169 48
0 1704749492.037000 169 48
0 1704749492.071000 172 48
0 1704749492.104000 172 45
0 1704749492.138000 175 45
0 1704749492.171000 178 41
0 1704749492.205000 178 41
0 1704749492.239000 177 40
0 1704749492.272000 174 42
0 1704749492.306000 175 41
0 1704749492.339000 177 43
0 1704749492.373000 177 40
0 1704749492.406000 175 43
0 1704749492.440000 177 44
0 1704749492.473000 178 46
0 1704749492.507000 181 45
0 1704749492.540000 183 47
0 1704749492.574000 181 48
0 1704749492.607000 180 46
0 1704749492.641000 180 49
0 1704749492.674000 179 49
0 1704749492.708000 181 47
0 1704749492.741000 179 54
0 1704749492.775000 180 55
0 1704749492.809000 179 51
0 1704749492.842000 178 49
0 1704749492.876000 180 49
0 1704749492.909000 183 51
0 1704749492.943000 179 54
0 1704749492.976000 178 60
0 1704749493.010000 177 61
0 1704749493.043000 179 63
0 1704749493.077000 181 65
0 1704749493.110000 180 61
0 1704749493.144000 179 58
0 1704749493.177000 180 61
0 1704749493.211000 181 56
0 1704749493.244000 181 53
0 1704749493.278000 181 53
0 1704749493.311000 180 55
0 1704749493.345000 180 59
0 1704749493.379000 182 61
0 1704749493.412000 182 60
0 1704749493.446000 182 57
0 1704749493.479000 184 57
0 1704749493.513000 183 55
0 1704749493.547000 183 57
0 1704749493.580000 182 57
0 1704749493.613000 184 57
0 1704749493.647000 179 57
0 1704749493.680000 180 58
0 1704749493.714000 180 63
0 1704749493.747000 178 64
0 1704749493.781000 178 58
0 1704749493.814000 180 57
0 1704749493.848000 179 57
0 1704749493.881000 179 58
0 1704749493.915000 179 59
0 1704749493.949000 178 61
0 1704749493.982000 177 56
0 1704749494.016000 175 60
0 1704749494.049000 172 60
0 1704749494.083000 172 63
0 1704749494.116000 174 66
0 1704749494.150000 173 66
0 1704749494.183000 173 62
0 1704749494.217000 171 62
0 1704749494.250000 171 61
0 1704749494.284000 170 64
0 1704749494.317000 170 64
0 1704749494.351000 174 65
0 1704749494.384000 175 63
0 1704749494.418000 175 63
0 1704749494.451000 180 66
0 1704749494.485000 180 64
0 1704749494.519000 178 66
0 1704749494.552000 179 68
0 1704749494.586000 179 65
0 1704749494.620000 178 66
0 1704749494.653000 179 68
0 1704749494.686000 181 71
0 1704749494.720000 178 73
0 1704749494.753000 178 70
0 1704749494.787000 178 72
0 1704749494.820000 178 71
0 1704749494.854000 179 77
0 1704749494.887000 179 78
0 1704749494.921000 179 81
0 1704749494.954000 177 82
0 1704749494.988000 177 80
0 1704749495.021000 182 77
0 1704749495.055000 180 75
0 1704749495.089000 178 73
0 1704749495.122000 177 73
0 1704749495.156000 171 70
0 1704749495.189000 173 72
0 1704749495.223000 175 72
0 1704749495.257000 174 73
0 1704749495.290000 177 72
0 1704749495.323000 177 71
0 1704749495.357000 175 65
0 1704749495.390000 180 61
0 1704749495.424000 176 58
0 1704749495.457000 176 58
0 1704749495.491000 177 55
0 1704749495.524000 177 55
0 1704749495.558000 180 56
0 1704749495.591000 182 53
0 1704749495.625000 183 54
0 1704749495.658000 186 54
0 1704749495.692000 190 53
0 1704749495.726000 188 54
0 1704749495.759000 187 55
0 1704749495.793000 188 52
0 1704749495.827000 185 52
0 1704749495.860000 183 52
0 1704749495.893000 179 49
0 1704749495.927000 179 47
0 1704749495.960000 181 51
0 1704749495.994000 180 51
0 1704749496.027000 180 50
0 1704749496.061000 181 52
0 1704749496.094000 181 54
0 1704749496.128000 180 56
0 1704749496.161000 177 53
0 1704749496.195000 179 54
0 1704749496.229000 177 59
0 1704749496.262000 177 56
0 1704749496.296000 180 54
0 1704749496.329000 180 56
0 1704749496.363000 181 57
0 1704749496.396000 180 58
0 1704749496.430000 180 56
0 1704749496.463000 179 56
0 1704749496.497000 179 56
0 1704749496.530000 180 56
0 1704749496.564000 179 55
0 1704749496.597000 178 55
0 1704749496.631000 182 51
0 1704749496.664000 180 47
0 1704749496.698000 176 47
0 1704749496.731000 180 44
0 1704749496.765000 184 45
0 1704749496.799000 188 47
0 1704749496.832000 188 45
0 1704749496.866000 190 48
0 1704749496.899000 191 49
0 1704749496.933000 189 47
0 1704749496.966000 187 46
0 1704749497.000000 190 43
0 1704749497.033000 192 45
0 1704749497.067000 196 45
0 1704749497.100000 196 43
0 1704749497.134000 192 43
0 1704749497.167000 189 42
0 1704749497.201000 190 36
0 1704749497.234000 190 37
0 1704749497.268000 188 36
0 1704749497.301000 188 37
0 1704749497.335000 191 39
0 1704749497.369000 194 39
0 1704749497.402000 197 41
0 1704749497.436000 195 44
0 1704749497.469000 188 45
0 1704749497.503000 187 44
0 1704749497.536000 186 43
0 1704749497.570000 183 47
0 1704749497.603000 183 49
0 1704749497.637000 186 49
0 1704749497.670000 187 50
0 1704749497.704000 189 51
0 1704749497.737000 187 53
0 1704749497.771000 188 52
0 1704749497.804000 189 53
0 1704749497.838000 188 51
0 1704749497.871000 188 50
0 1704749497.905000 187 48
0 1704749497.939000 190 51
0 1704749497.972000 189 49
0 1704749498.006000 193 53
0 1704749498.040000 187 53
0 1704749498.073000 191 53
0 1704749498.106000 195 55
0 1704749498.140000 197 53
0 1704749498.173000 197 56
0 1704749498.207000 197 54
0 1704749498.240000 191 55
0 1704749498.274000 190 52
0 1704749498.307000 192 53
0 1704749498.341000 195 54
0 1704749498.374000 191 52
0 1704749498.408000 193 52
0 1704749498.441000 191 48
0 1704749498.475000 191 49
0 1704749498.508000 189 50
0 1704749498.542000 189 47
0 1704749498.576000 192 43
0 1704749498.609000 191 43
0 1704749498.643000 192 44
0 1704749498.676000 192 44
0 1704749498.710000 191 45
0 1704749498.743000 192 45
0 1704749498.777000 189 43
0 1704749498.810000 192 43
0 1704749498.844000 192 41
0 1704749498.877000 191 40
0 1704749498.911000 190 39
0 1704749498.944000 193 35
0 1704749498.978000 193 34
0 1704749499.011000 186 35
0 1704749499.045000 185 36
0 1704749499.079000 185 35
0 1704749499.112000 180 32
0 1704749499.146000 175 27
0 1704749499.178000 174 26
0 1704749499.213000 174 28
0 1704749499.246000 174 29
0 1704749499.280000 171 28
0 1704749499.313000 171 34
0 1704749499.347000 171 38
0 1704749499.380000 171 42
0 1704749499.414000 176 42
0 1704749499.447000 176 46
0 1704749499.481000 177 47
0 1704749499.514000 183 43
0 1704749499.548000 182 43
0 1704749499.581000 182 41
0 1704749499.615000 179 41
0 1704749499.649000 180 39
0 1704749499.682000 176 41
0 1704749499.716000 176 42
0 1704749499.750000 177 40
0 1704749499.783000 179 39
0 1704749499.816000 179 39
0 1704749499.850000 180 39
0 1704749499.883000 180 38
0 1704749499.917000 178 36
0 1704749499.950000 177 38
0 1704749499.984000 177 44
0 1704749500.017000 175 47
0 1704749500.051000 175 47
0 1704749500.084000 175 48
0 1704749500.118000 174 45
0 1704749500.151000 176 45
0 1704749500.185000 177 44
0 1704749500.219000 174 46
0 1704749500.252000 173 46
0 1704749500.286000 174 47
0 1704749500.319000 174 48
0 1704749500.353000 176 47
0 1704749500.386000 178 42
0 1704749500.420000 177 42
0 1704749500.453000 180 44
0 1704749500.487000 180 41
0 1704749500.520000 182 42
0 1704749500.554000 182 38
0 1704749500.587000 184 36
0 1704749500.621000 185 39
0 1704749500.654000 188 40
0 1704749500.688000 187 41
0 1704749500.721000 183 43
0 1704749500.755000 184 43
0 1704749500.789000 181 43
0 1704749500.822000 181 44
0 1704749500.856000 181 41
0 1704749500.889000 181 39
0 1704749500.923000 178 39
0 1704749500.956000 180 38
0 1704749500.990000 180 42
0 1704749501.023000 183 42
0 1704749501.057000 185 42
0 1704749501.090000 185 42
0 1704749501.124000 185 44
0 1704749501.157000 184 43
0 1704749501.191000 184 45
0 1704749501.224000 184 47
0 1704749501.258000 184 44
0 1704749501.291000 187 41
0 1704749501.325000 189 40
0 1704749501.359000 191 40
0 1704749501.392000 187 42
0 1704749501.426000 186 41
0 1704749501.459000 188 36
0 1704749501.493000 188 35
0 1704749501.526000 187 35
0 1704749501.560000 186 34
0 1704749501.593000 186 36
0 1704749501.627000 183 37
0 1704749501.660000 180 38
0 1704749501.694000 178 34
0 1704749501.727000 179 34
0 1704749501.761000 179 35
0 1704749501.794000 180 40
0 1704749501.828000 180 41
0 1704749501.861000 180 43
0 1704749501.895000 179 42
0 1704749501.929000 185 43
0 1704749501.962000 187 39